Date,Date2,FORECAST,STD,L95,U95,RESIDUAL
,,,,,,
01JAN2016,01JAN2016,0,1411.318424,-2766.133282,2766.1332817,20454
02JAN2016,02JAN2016,48950.36635,1411.318424,46184.233068,51716.499631,-28495.36635
03JAN2016,03JAN2016,9071.7105952,1411.318424,6305.5773135,11837.843877,11384.289405
04JAN2016,04JAN2016,11711.998262,1411.318424,8945.8649798,14478.131543,8745.0017384
05JAN2016,05JAN2016,21693.87267,1411.318424,18927.739388,24460.005951,-1235.87267
06JAN2016,06JAN2016,24026.390339,1411.318424,21260.257057,26792.52362,-3567.390339
07JAN2016,07JAN2016,20294.555262,1411.318424,17528.421981,23060.688544,165.44473771
08JAN2016,08JAN2016,17153.541204,1411.318424,14387.407922,19919.674486,3307.4587962
09JAN2016,09JAN2016,17713.336067,1411.318424,14947.202785,20479.469349,2748.6639329
10JAN2016,10JAN2016,21280.371455,1411.318424,18514.238173,24046.504737,-817.3714548
11JAN2016,11JAN2016,15661.94626,1411.318424,12895.812978,18428.079541,4802.0537403
12JAN2016,12JAN2016,28730.642594,1411.318424,25964.509313,31496.775876,-8265.642594
13JAN2016,13JAN2016,14770.825277,1411.318424,12004.691995,17536.958559,5695.1747228
14JAN2016,14JAN2016,14496.724767,1411.318424,11730.591485,17262.858048,5970.2752335
15JAN2016,15JAN2016,22513.504348,1411.318424,19747.371066,25279.637629,-2045.504348
16JAN2016,16JAN2016,23321.562321,1411.318424,20555.429039,26087.695603,-2852.562321
17JAN2016,17JAN2016,18420.413316,1411.318424,15654.280035,21186.546598,2049.5866836
18JAN2016,18JAN2016,16484.818138,1411.318424,13718.684856,19250.95142,3986.181862
19JAN2016,19JAN2016,19078.217805,1411.318424,16312.084523,21844.351086,1393.7821954
20JAN2016,20JAN2016,22099.92805,1411.318424,19333.794768,24866.061332,-1626.92805
21JAN2016,21JAN2016,19003.004342,1411.318424,16236.87106,21769.137624,1470.9956581
22JAN2016,22JAN2016,20966.960156,1411.318424,18200.826875,23733.093438,-491.9601563
23JAN2016,23JAN2016,16975.196958,1411.318424,14209.063676,19741.33024,3500.8030422
24JAN2016,24JAN2016,18152.546392,1411.318424,15386.413111,20918.679674,2324.4536077
25JAN2016,25JAN2016,22150.236771,1411.318424,19384.10349,24916.370053,-1672.236771
26JAN2016,26JAN2016,21047.684307,1411.318424,18281.551025,23813.817589,-568.6843068
27JAN2016,27JAN2016,17569.031815,1411.318424,14802.898533,20335.165097,2910.9681852
28JAN2016,28JAN2016,17753.308832,1411.318424,14987.17555,20519.442113,2727.6911683
29JAN2016,29JAN2016,20504.50124,1411.318424,17738.367959,23270.634522,-22.50124046
30JAN2016,30JAN2016,21481.174386,1411.318424,18715.041104,24247.307667,-998.1743857
31JAN2016,31JAN2016,18805.552108,1411.318424,16039.418826,21571.685389,1678.4478924
01FEB2016,01FEB2016,18729.209899,1411.318424,15963.076618,21495.343181,1755.7901006
02FEB2016,02FEB2016,18761.702663,1411.318424,15995.569381,21527.835944,1724.2973373
03FEB2016,03FEB2016,20031.879894,1411.318424,17265.746612,22798.013176,455.1201061
04FEB2016,04FEB2016,20911.260849,1411.318424,18145.127567,23677.394131,-423.2608491
05FEB2016,05FEB2016,19355.338009,1411.318424,16589.204727,22121.47129,1133.6619913
06FEB2016,06FEB2016,18015.230589,1411.318424,15249.097308,20781.363871,2474.7694107
07FEB2016,07FEB2016,19241.944119,1411.318424,16475.810837,22008.0774,1249.0558814
08FEB2016,08FEB2016,20793.359637,1411.318424,18027.226355,23559.492919,-301.3596369
09FEB2016,09FEB2016,20265.080794,1411.318424,17498.947512,23031.214076,227.91920613
10FEB2016,10FEB2016,18464.260795,1411.318424,15698.127514,21230.394077,2029.7392046
11FEB2016,11FEB2016,18824.519554,1411.318424,16058.386273,21590.652836,1670.4804457
12FEB2016,12FEB2016,19885.696056,1411.318424,17119.562774,22651.829337,610.30394447
13FEB2016,13FEB2016,20286.876705,1411.318424,17520.743423,23053.009987,210.12329484
14FEB2016,14FEB2016,19733.290886,1411.318424,16967.157605,22499.424168,764.70911371
15FEB2016,15FEB2016,18830.270707,1411.318424,16064.137425,21596.403989,1668.7292928
16FEB2016,16FEB2016,18947.361035,1411.318424,16181.227753,21713.494316,1552.6389655
17FEB2016,17FEB2016,20009.840574,1411.318424,17243.707293,22775.973856,491.1594257
18FEB2016,18FEB2016,20290.100791,1411.318424,17523.96751,23056.234073,211.89920858
19FEB2016,19FEB2016,19381.704783,1411.318424,16615.571501,22147.838065,1121.2952168
20FEB2016,20FEB2016,18698.24296,1411.318424,15932.109678,21464.376242,1805.7570398
21FEB2016,21FEB2016,19459.488387,1411.318424,16693.355105,22225.621668,1045.5116135
22FEB2016,22FEB2016,20180.591499,1411.318424,17414.458217,22946.724781,325.40850076
23FEB2016,23FEB2016,19844.477881,1411.318424,17078.344599,22610.611163,662.52211888
24FEB2016,24FEB2016,19158.902695,1411.318424,16392.769413,21925.035977,1349.097305
25FEB2016,25FEB2016,19068.110057,1411.318424,16301.976776,21834.243339,1440.8899427
26FEB2016,26FEB2016,19637.092839,1411.318424,16870.959557,22403.226121,872.90716106
27FEB2016,27FEB2016,20047.184625,1411.318424,17281.051344,22813.317907,463.81537467
28FEB2016,28FEB2016,19681.951547,1411.318424,16915.818265,22448.084828,830.04845338
29FEB2016,29FEB2016,19116.704405,1411.318424,16350.571124,21882.837687,1396.2955946
01MAR2016,01MAR2016,19202.427521,1411.318424,16436.294239,21968.560803,1311.5724789
02MAR2016,02MAR2016,19837.552587,1411.318424,17071.419305,22603.685869,677.4474129
03MAR2016,03MAR2016,19958.825334,1411.318424,17192.692052,22724.958616,557.17466621
04MAR2016,04MAR2016,19431.83868,1411.318424,16665.705398,22197.971961,1085.1613203
05MAR2016,05MAR2016,19146.267926,1411.318424,16380.134645,21912.401208,1371.7320736
06MAR2016,06MAR2016,19474.265516,1411.318424,16708.132234,22240.398797,1044.7344844
07MAR2016,07MAR2016,19863.017993,1411.318424,17096.884712,22629.151275,656.98200651
08MAR2016,08MAR2016,19763.438361,1411.318424,16997.305079,22529.571642,757.56163942
09MAR2016,09MAR2016,19360.095151,1411.318424,16593.961869,22126.228432,1161.9048493
10MAR2016,10MAR2016,19262.422496,1411.318424,16496.289214,22028.555777,1260.5775044
11MAR2016,11MAR2016,19591.210897,1411.318424,16825.077615,22357.344179,932.78910319
12MAR2016,12MAR2016,19852.531791,1411.318424,17086.39851,22618.665073,672.46820861
13MAR2016,13MAR2016,19640.111796,1411.318424,16873.978514,22406.245078,885.888204
14MAR2016,14MAR2016,19305.469364,1411.318424,16539.336083,22071.602646,1221.5306356
15MAR2016,15MAR2016,19378.701889,1411.318424,16612.568607,22144.83517,1149.2981115
16MAR2016,16MAR2016,19709.098245,1411.318424,16942.964963,22475.231526,819.90175548
17MAR2016,17MAR2016,19776.776378,1411.318424,17010.643097,22542.90966,753.22362159
18MAR2016,18MAR2016,19516.193753,1411.318424,16750.060471,22282.327035,1014.8062471
19MAR2016,19MAR2016,19342.721254,1411.318424,16576.587972,22108.854536,1189.278746
20MAR2016,20MAR2016,19501.168398,1411.318424,16735.035116,22267.301679,1031.8316023
21MAR2016,21MAR2016,19730.403117,1411.318424,16964.269835,22496.536399,803.59688314
22MAR2016,22MAR2016,19695.707528,1411.318424,16929.574246,22461.84081,839.29247185
23MAR2016,23MAR2016,19463.289788,1411.318424,16697.156506,22229.42307,1072.7102118
24MAR2016,24MAR2016,19392.937308,1411.318424,16626.804026,22159.07059,1144.0626919
25MAR2016,25MAR2016,19585.963068,1411.318424,16819.829786,22352.09635,952.03693202
26MAR2016,26MAR2016,19732.822736,1411.318424,16966.689454,22498.956017,806.17726426
27MAR2016,27MAR2016,19615.765204,1411.318424,16849.631922,22381.898485,924.23479649
28MAR2016,28MAR2016,19436.051095,1411.318424,16669.917813,22202.184377,1104.9489049
29MAR2016,29MAR2016,19468.105087,1411.318424,16701.971805,22234.238369,1073.8949131
30MAR2016,30MAR2016,19645.401839,1411.318424,16879.268557,22411.535121,897.59816082
31MAR2016,31MAR2016,19693.930796,1411.318424,16927.797514,22460.064078,850.06920385
01APR2016,01APR2016,19557.255135,1411.318424,16791.121853,22323.388417,987.74486514
02APR2016,02APR2016,19452.247293,1411.318424,16686.114011,22218.380574,1093.7527073
03APR2016,03APR2016,19532.20078,1411.318424,16766.067498,22298.334062,1014.7992199
04APR2016,04APR2016,19667.989643,1411.318424,16901.856361,22434.122925,880.01035719
05APR2016,05APR2016,19654.072041,1411.318424,16887.938759,22420.205323,894.92795904
06APR2016,06APR2016,19522.53155,1411.318424,16756.398269,22288.664832,1027.4684496
07APR2016,07APR2016,19481.390448,1411.318424,16715.257166,22247.52373,1069.6095522
08APR2016,08APR2016,19586.570627,1411.318424,16820.437346,22352.703909,965.42937254
09APR2016,09APR2016,19670.026707,1411.318424,16903.893426,22436.159989,882.97329257
10APR2016,10APR2016,19610.714646,1411.318424,16844.581364,22376.847928,943.28535424
11APR2016,11APR2016,19511.207458,1411.318424,16745.074177,22277.34074,1043.7925416
12APR2016,12APR2016,19523.228905,1411.318424,16757.095623,22289.362187,1032.7710951
13APR2016,13APR2016,19620.553591,1411.318424,16854.420309,22386.686872,936.44640926
14APR2016,14APR2016,19654.26087,1411.318424,16888.127588,22420.394151,903.73913047
15APR2016,15APR2016,19580.720297,1411.318424,16814.587015,22346.853579,978.27970304
16APR2016,16APR2016,19518.397548,1411.318424,16752.264266,22284.530829,1041.6024523
17APR2016,17APR2016,19560.981907,1411.318424,16794.848625,22327.115189,1000.0180931
18APR2016,18APR2016,19638.51318,1411.318424,16872.379898,22404.646461,923.48682037
19APR2016,19APR2016,19633.820529,1411.318424,16867.687247,22399.953811,929.17947076
20APR2016,20APR2016,19561.799717,1411.318424,16795.666436,22327.932999,1002.2002826
21APR2016,21APR2016,19536.91565,1411.318424,16770.782369,22303.048932,1028.0843496
22APR2016,22APR2016,19593.521818,1411.318424,16827.388536,22359.6551,972.47818202
23APR2016,23APR2016,19641.98152,1411.318424,16875.848239,22408.114802,925.0184795
24APR2016,24APR2016,19612.772965,1411.318424,16846.639683,22378.906247,955.22703494
25APR2016,25APR2016,19557.016647,1411.318424,16790.883365,22323.149928,1011.9833534
26APR2016,26APR2016,19560.768602,1411.318424,16794.63532,22326.901883,1009.2313984
27APR2016,27APR2016,19615.25028,1411.318424,16849.116998,22381.383562,955.74971993
28APR2016,28APR2016,19637.001259,1411.318424,16870.867977,22403.134541,934.99874101
29APR2016,29APR2016,19597.537113,1411.318424,16831.403831,22363.670394,975.46288734
30APR2016,30APR2016,19561.78834,1411.318424,16795.655058,22327.921621,1012.2116604
01MAY2016,01MAY2016,19584.231106,1411.318424,16818.097824,22350.364388,990.76889422
02MAY2016,02MAY2016,19628.168812,1411.318424,16862.03553,22394.302094,947.83118825
03MAY2016,03MAY2016,19627.827466,1411.318424,16861.694184,22393.960748,949.17253404
04MAY2016,04MAY2016,19588.848727,1411.318424,16822.715445,22354.982008,989.15127341
05MAY2016,05MAY2016,19573.731735,1411.318424,16807.598453,22339.865017,1005.268265
06MAY2016,06MAY2016,19604.292024,1411.318424,16838.158742,22370.425306,975.70797581
07MAY2016,07MAY2016,19632.897311,1411.318424,16866.764029,22399.030593,948.10268876
08MAY2016,08MAY2016,19618.691402,1411.318424,16852.558121,22384.824684,963.30859763
09MAY2016,09MAY2016,19587.573676,1411.318424,16821.440395,22353.706958,995.42632359
10MAY2016,10MAY2016,19588.533685,1411.318424,16822.400403,22354.666967,995.46631487
11MAY2016,11MAY2016,19619.065356,1411.318424,16852.932074,22385.198637,965.93464446
12MAY2016,12MAY2016,19632.808426,1411.318424,16866.675144,22398.941708,953.19157381
13MAY2016,13MAY2016,19612.038769,1411.318424,16845.905488,22378.172051,974.96123073
14MAY2016,14MAY2016,19591.873312,1411.318424,16825.74003,22358.006593,996.12668835
15MAY2016,15MAY2016,19603.674548,1411.318424,16837.541266,22369.807829,985.32545231
16MAY2016,16MAY2016,19628.687337,1411.318424,16862.554056,22394.820619,961.31266259
17MAY2016,17MAY2016,19630.100765,1411.318424,16863.967483,22396.234047,960.89923512
18MAY2016,18MAY2016,19609.168173,1411.318424,16843.034892,22375.301455,982.83182651
19MAY2016,19MAY2016,19600.188219,1411.318424,16834.054937,22366.321501,992.81178086
20MAY2016,20MAY2016,19616.942124,1411.318424,16850.808842,22383.075405,977.05787638
21MAY2016,21MAY2016,19633.90662,1411.318424,16867.773338,22400.039902,961.09337977
22MAY2016,22MAY2016,19627.264634,1411.318424,16861.131352,22393.397916,968.73536584
23MAY2016,23MAY2016,19610.177133,1411.318424,16844.043852,22376.310415,986.82286664
24MAY2016,24MAY2016,19610.315151,1411.318424,16844.18187,22376.448433,987.68484872
25MAY2016,25MAY2016,19627.514968,1411.318424,16861.381686,22393.648249,971.48503235
26MAY2016,26MAY2016,19636.233431,1411.318424,16870.100149,22402.366712,963.76656932
27MAY2016,27MAY2016,19625.613447,1411.318424,16859.480165,22391.746729,975.38655288
28MAY2016,28MAY2016,19614.428228,1411.318424,16848.294946,22380.56151,987.57177209
29MAY2016,29MAY2016,19620.753659,1411.318424,16854.620377,22386.886941,982.24634089
30MAY2016,30MAY2016,19635.185463,1411.318424,16869.052182,22401.318745,968.81453672
31MAY2016,31MAY2016,19637.050124,1411.318424,16870.916842,22403.183405,967.94987642
01JUN2016,01JUN2016,19626.004802,1411.318424,16859.871521,22392.138084,979.99519774
02JUN2016,02JUN2016,19620.909834,1411.318424,16854.776552,22387.043115,986.09016635
03JUN2016,03JUN2016,19630.279963,1411.318424,16864.146682,22396.413245,977.72003671
04JUN2016,04JUN2016,19640.44592,1411.318424,16874.312638,22406.579202,968.55408005
05JUN2016,05JUN2016,19637.642167,1411.318424,16871.508885,22403.775448,972.35783334
06JUN2016,06JUN2016,19628.495605,1411.318424,16862.362323,22394.628887,982.50439516
07JUN2016,07JUN2016,19628.533589,1411.318424,16862.400307,22394.666871,983.46641082
08JUN2016,08JUN2016,19638.372816,1411.318424,16872.239534,22404.506097,974.6271845
09JUN2016,09JUN2016,19644.012255,1411.318424,16877.878973,22410.145536,969.98774533
10JUN2016,10JUN2016,19638.829026,1411.318424,16872.695744,22404.962307,976.17097448
11JUN2016,11JUN2016,19632.814947,1411.318424,16866.681665,22398.948228,983.18505336
12JUN2016,12JUN2016,19636.386672,1411.318424,16870.25339,22402.519954,980.61332821
13JUN2016,13JUN2016,19644.88134,1411.318424,16878.748058,22411.014621,973.1186604
14JUN2016,14JUN2016,19646.695923,1411.318424,16880.562641,22412.829205,972.30407705
15JUN2016,15JUN2016,19641.084292,1411.318424,16874.951011,22407.217574,978.9157076
16JUN2016,16JUN2016,19638.399945,1411.318424,16872.266663,22404.533227,982.60005488
17JUN2016,17JUN2016,19643.81528,1411.318424,16877.681998,22409.948561,978.18472027
18JUN2016,18JUN2016,19650.04443,1411.318424,16883.911148,22416.177712,972.95556995
19JUN2016,19JUN2016,19649.177833,1411.318424,16883.044552,22415.311115,974.82216663
20JUN2016,20JUN2016,19644.492396,1411.318424,16878.359114,22410.625678,980.50760381
21JUN2016,21JUN2016,19644.675778,1411.318424,16878.542496,22410.80906,981.32422219
22JUN2016,22JUN2016,19650.477401,1411.318424,16884.344119,22416.610683,976.52259923
23JUN2016,23JUN2016,19654.23847,1411.318424,16888.105188,22420.371752,973.76152986
24JUN2016,24JUN2016,19651.950461,1411.318424,16885.817179,22418.083743,977.04953876
25JUN2016,25JUN2016,19648.915809,1411.318424,16882.782527,22415.049091,981.084191
26JUN2016,26JUN2016,19651.120288,1411.318424,16884.987006,22417.25357,979.87971198
27JUN2016,27JUN2016,19656.282483,1411.318424,16890.149201,22422.415764,975.71751747
28JUN2016,28JUN2016,19657.907506,1411.318424,16891.774225,22424.040788,975.09249369
29JUN2016,29JUN2016,19655.280065,1411.318424,16889.146784,22421.413347,978.71993456
30JUN2016,30JUN2016,19654.064046,1411.318424,16887.930765,22420.197328,980.93595372
01JUL2016,01JUL2016,19657.369235,1411.318424,16891.235953,22423.502517,978.63076485
02JUL2016,02JUL2016,19661.334352,1411.318424,16895.20107,22427.467634,975.66564813
03JUL2016,03JUL2016,19661.429025,1411.318424,16895.295744,22427.562307,976.57097466
04JUL2016,04JUL2016,19659.240562,1411.318424,16893.107281,22425.373844,979.75943761
05JUL2016,05JUL2016,19659.62087,1411.318424,16893.487589,22425.754152,980.37912954
06JUL2016,06JUL2016,19663.213449,1411.318424,16897.080168,22429.346731,977.78655074
07JUL2016,07JUL2016,19665.836389,1411.318424,16899.703107,22431.969671,976.16361088
08JUL2016,08JUL2016,19665.085219,1411.318424,16898.951938,22431.218501,977.91478056
09JUL2016,09JUL2016,19663.763571,1411.318424,16897.630289,22429.896853,980.23642909
10JUL2016,10JUL2016,19665.297697,1411.318424,16899.164416,22431.430979,979.7023025
11JUL2016,11JUL2016,19668.593513,1411.318424,16902.460231,22434.726795,977.40648699
12JUL2016,12JUL2016,19670.026313,1411.318424,16903.893032,22436.159595,976.97368668
13JUL2016,13JUL2016,19669.032452,1411.318424,16902.899171,22435.165734,978.96754773
14JUL2016,14JUL2016,19668.700499,1411.318424,16902.567217,22434.833781,980.299501
15JUL2016,15JUL2016,19670.88621,1411.318424,16904.752928,22437.019492,979.11378994
16JUL2016,16JUL2016,19673.55404,1411.318424,16907.420758,22439.687322,977.44596003
17JUL2016,17JUL2016,19674.116084,1411.318424,16907.982802,22440.249366,977.8839159
18JUL2016,18JUL2016,19673.322407,1411.318424,16907.189125,22439.455689,979.67759284
19JUL2016,19JUL2016,19673.877467,1411.318424,16907.744185,22440.010749,980.12253323
20JUL2016,20JUL2016,19676.263575,1411.318424,16910.130294,22442.396857,978.73642458
21JUL2016,21JUL2016,19678.202826,1411.318424,16912.069544,22444.336108,977.79717406
22JUL2016,22JUL2016,19678.26472,1411.318424,16912.131438,22444.398001,978.73528046
23JUL2016,23JUL2016,19677.924254,1411.318424,16911.790973,22444.057536,980.07574573
24JUL2016,24JUL2016,19679.135749,1411.318424,16913.002467,22445.269031,979.86425078
25JUL2016,25JUL2016,19681.389424,1411.318424,16915.256142,22447.522705,978.61057633
26JUL2016,26JUL2016,19682.667601,1411.318424,16916.534319,22448.800883,978.33239913
27JUL2016,27JUL2016,19682.565025,1411.318424,16916.431743,22448.698307,979.43497508
28JUL2016,28JUL2016,19682.761167,1411.318424,16916.627885,22448.894449,980.23883284
29JUL2016,29JUL2016,19684.356218,1411.318424,16918.222936,22450.4895,979.64378182
30JUL2016,30JUL2016,19686.282721,1411.318424,16920.149439,22452.416003,978.71727909
31JUL2016,31JUL2016,19687.066576,1411.318424,16920.933294,22453.199858,978.93342406
01AUG2016,01AUG2016,19687.05058,1411.318424,16920.917298,22453.183861,979.94942044
02AUG2016,02AUG2016,19687.738724,1411.318424,16921.605442,22453.872006,980.26127576
03AUG2016,03AUG2016,19689.467403,1411.318424,16923.334121,22455.600685,979.5325968
04AUG2016,04AUG2016,19690.999385,1411.318424,16924.866103,22457.132666,979.00061527
05AUG2016,05AUG2016,19691.4894,1411.318424,16925.356118,22457.622682,979.51059989
06AUG2016,06AUG2016,19691.708912,1411.318424,16925.57563,22457.842193,980.29108834
07AUG2016,07AUG2016,19692.769278,1411.318424,16926.635996,22458.90256,980.23072215
08AUG2016,08AUG2016,19694.442614,1411.318424,16928.309332,22460.575896,979.55738601
09AUG2016,09AUG2016,19695.608389,1411.318424,16929.475107,22461.741671,979.39161099
10AUG2016,10AUG2016,19695.990678,1411.318424,16929.857397,22462.12396,980.00932159
11AUG2016,11AUG2016,19696.500203,1411.318424,16930.366921,22462.633485,980.49979679
12AUG2016,12AUG2016,19697.785248,1411.318424,16931.651966,22463.91853,980.21475215
13AUG2016,13AUG2016,19699.289296,1411.318424,16933.156014,22465.422578,979.71070388
14AUG2016,14AUG2016,19700.175139,1411.318424,16934.041857,22466.30842,979.82486134
15AUG2016,15AUG2016,19700.591785,1411.318424,16934.458503,22466.725067,980.40821477
16AUG2016,16AUG2016,19701.373604,1411.318424,16935.240322,22467.506885,980.62639635
17AUG2016,17AUG2016,19702.745032,1411.318424,16936.61175,22468.878314,980.25496824
18AUG2016,18AUG2016,19704.036116,1411.318424,16937.902834,22470.169398,979.96388406
19AUG2016,19AUG2016,19704.750274,1411.318424,16938.616992,22470.883556,980.24972613
20AUG2016,20AUG2016,19705.288373,1411.318424,16939.155091,22471.421654,980.71162732
21AUG2016,21AUG2016,19706.280654,1411.318424,16940.147373,22472.413936,980.71934555
22AUG2016,22AUG2016,19707.631582,1411.318424,16941.4983,22473.764863,980.36841841
23AUG2016,23AUG2016,19708.720283,1411.318424,16942.587001,22474.853565,980.2797172
24AUG2016,24AUG2016,19709.365612,1411.318424,16943.232331,22475.498894,980.63438773
25AUG2016,25AUG2016,19710.059968,1411.318424,16943.926686,22476.193249,980.94003229
26AUG2016,26AUG2016,19711.183236,1411.318424,16945.049954,22477.316518,980.81676397
27AUG2016,27AUG2016,19712.447241,1411.318424,16946.31396,22478.580523,980.55275869
28AUG2016,28AUG2016,19713.377839,1411.318424,16947.244558,22479.511121,980.62216058
29AUG2016,29AUG2016,19714.034597,1411.318424,16947.901315,22480.167879,980.96540277
30AUG2016,30AUG2016,19714.879281,1411.318424,16948.746,22481.012563,981.12071854
31AUG2016,31AUG2016,19716.057164,1411.318424,16949.923882,22482.190446,980.94283607
01SEP2016,01SEP2016,19717.206603,1411.318424,16951.073321,22483.339885,980.79339692
02SEP2016,02SEP2016,19718.037357,1411.318424,16951.904076,22484.170639,980.96264264
03SEP2016,03SEP2016,19718.756201,1411.318424,16952.622919,22484.889482,981.24379928
04SEP2016,04SEP2016,19719.719581,1411.318424,16953.586299,22485.852863,981.28041893
05SEP2016,05SEP2016,19720.891802,1411.318424,16954.75852,22487.025084,981.1081981
06SEP2016,06SEP2016,19721.929653,1411.318424,16955.796371,22488.062935,981.0703469
07SEP2016,07SEP2016,19722.717267,1411.318424,16956.583986,22488.850549,981.28273257
08SEP2016,08SEP2016,19723.520023,1411.318424,16957.386741,22489.653305,981.47997695
09SEP2016,09SEP2016,19724.559425,1411.318424,16958.426143,22490.692707,981.44057519
10SEP2016,10SEP2016,19725.687424,1411.318424,16959.554142,22491.820706,981.31257611
11SEP2016,11SEP2016,19726.636216,1411.318424,16960.502934,22492.769498,981.36378385
12SEP2016,12SEP2016,19727.42591,1411.318424,16961.292629,22493.559192,981.57408953
13SEP2016,13SEP2016,19728.311455,1411.318424,16962.178173,22494.444736,981.68854545
14SEP2016,14SEP2016,19729.384808,1411.318424,16963.251526,22495.51809,981.61519196
15SEP2016,15SEP2016,19730.451395,1411.318424,16964.318113,22496.584677,981.54860504
16SEP2016,16SEP2016,19731.342365,1411.318424,16965.209084,22497.475647,981.65763454
17SEP2016,17SEP2016,19732.163476,1411.318424,16966.030194,22498.296757,981.83652445
18SEP2016,18SEP2016,19733.115795,1411.318424,16966.982513,22499.249077,981.88420521
19SEP2016,19SEP2016,19734.189192,1411.318424,16968.05591,22500.322474,981.81080789
20SEP2016,20SEP2016,19735.1944,1411.318424,16969.061118,22501.327682,981.80560012
21SEP2016,21SEP2016,19736.058738,1411.318424,16969.925457,22502.19202,981.94126153
22SEP2016,22SEP2016,19736.924748,1411.318424,16970.791466,22503.05803,982.07525206
23SEP2016,23SEP2016,19737.921006,1411.318424,16971.787724,22504.054288,982.07899385
24SEP2016,24SEP2016,19738.972155,1411.318424,16972.838873,22505.105436,982.02784545
25SEP2016,25SEP2016,19739.927323,1411.318424,16973.794041,22506.060605,982.07267683
26SEP2016,26SEP2016,19740.790441,1411.318424,16974.65716,22506.923723,982.20955873
27SEP2016,27SEP2016,19741.701931,1411.318424,16975.568649,22507.835213,982.29806888
28SEP2016,28SEP2016,19742.719015,1411.318424,16976.585733,22508.852296,982.28098545
29SEP2016,29SEP2016,19743.737367,1411.318424,16977.604086,22509.870649,982.2626325
30SEP2016,30SEP2016,19744.65918,1411.318424,16978.525898,22510.792462,982.34081991
01OCT2016,01OCT2016,19745.538002,1411.318424,16979.40472,22511.671283,982.4619983
02OCT2016,02OCT2016,19746.486965,1411.318424,16980.353683,22512.620247,982.5130352
03OCT2016,03OCT2016,19747.505844,1411.318424,16981.372562,22513.639125,982.49415625
04OCT2016,04OCT2016,19748.490519,1411.318424,16982.357237,22514.623801,982.50948124
05OCT2016,05OCT2016,19749.39609,1411.318424,16983.262809,22515.529372,982.60390963
06OCT2016,06OCT2016,19750.298842,1411.318424,16984.16556,22516.432124,982.70115793
07OCT2016,07OCT2016,19751.273105,1411.318424,16985.139823,22517.406387,982.7268948
08OCT2016,08OCT2016,19752.280942,1411.318424,16986.14766,22518.414223,982.71905835
09OCT2016,09OCT2016,19753.23757,1411.318424,16987.104289,22519.370852,982.76242969
10OCT2016,10OCT2016,19754.141145,1411.318424,16988.007863,22520.274427,982.85885519
11OCT2016,11OCT2016,19755.068819,1411.318424,16988.935537,22521.202101,982.93118103
12OCT2016,12OCT2016,19756.055715,1411.318424,16989.922434,22522.188997,982.94428452
13OCT2016,13OCT2016,19757.04611,1411.318424,16990.912828,22523.179391,982.9538904
14OCT2016,14OCT2016,19757.983566,1411.318424,16991.850284,22524.116847,983.01643428
15OCT2016,15OCT2016,19758.894872,1411.318424,16992.76159,22525.028154,983.10512808
16OCT2016,16OCT2016,19759.843524,1411.318424,16993.710243,22525.976806,983.15647571
17OCT2016,17OCT2016,19760.8324,1411.318424,16994.699118,22526.965682,983.16760005
18OCT2016,18OCT2016,19761.804363,1411.318424,16995.671081,22527.937644,983.19563739
19OCT2016,19OCT2016,19762.732014,1411.318424,16996.598732,22528.865296,983.26798594
20OCT2016,20OCT2016,19763.65602,1411.318424,16997.522738,22529.789302,983.34398016
21OCT2016,21OCT2016,19764.619189,1411.318424,16998.485907,22530.752471,983.38081098
22OCT2016,22OCT2016,19765.602677,1411.318424,16999.469395,22531.735959,983.39732315
23OCT2016,23OCT2016,19766.558958,1411.318424,17000.425676,22532.692239,983.44104238
24OCT2016,24OCT2016,19767.484769,1411.318424,17001.351487,22533.618051,983.51523078
25OCT2016,25OCT2016,19768.422397,1411.318424,17002.289115,22534.555679,983.57760306
26OCT2016,26OCT2016,19769.393159,1411.318424,17003.259877,22535.526441,983.60684079
27OCT2016,27OCT2016,19770.367412,1411.318424,17004.23413,22536.500693,983.63258845
28OCT2016,28OCT2016,19771.31271,1411.318424,17005.179428,22537.445991,983.68729034
29OCT2016,29OCT2016,19772.242255,1411.318424,17006.108973,22538.375537,983.75774491
30OCT2016,30OCT2016,19773.191599,1411.318424,17007.058317,22539.32488,983.80840137
31OCT2016,31OCT2016,19774.164003,1411.318424,17008.030722,22540.297285,983.8359967
01NOV2016,01NOV2016,19775.128195,1411.318424,17008.994913,22541.261477,983.87180516
02NOV2016,02NOV2016,19776.067624,1411.318424,17009.934342,22542.200906,983.93237577
03NOV2016,03NOV2016,19777.003878,1411.318424,17010.870596,22543.13716,983.99612221
04NOV2016,04NOV2016,19777.961524,1411.318424,17011.828242,22544.094805,984.03847644
05NOV2016,05NOV2016,19778.931357,1411.318424,17012.798075,22545.064639,984.06864296
06NOV2016,06NOV2016,19779.886801,1411.318424,17013.753519,22546.020083,984.11319898
07NOV2016,07NOV2016,19780.824805,1411.318424,17014.691523,22546.958087,984.17519512
08NOV2016,08NOV2016,19781.768484,1411.318424,17015.635202,22547.901766,984.23151601
09NOV2016,09NOV2016,19782.730657,1411.318424,17016.597376,22548.863939,984.26934257
10NOV2016,10NOV2016,19783.695625,1411.318424,17017.562343,22549.828907,984.30437518
11NOV2016,11NOV2016,19784.644798,1411.318424,17018.511516,22550.778079,984.35520236
12NOV2016,12NOV2016,19785.584559,1411.318424,17019.451277,22551.717841,984.41544108
13NOV2016,13NOV2016,19786.534766,1411.318424,17020.401484,22552.668047,984.46523447
14NOV2016,14NOV2016,19787.498151,1411.318424,17021.364869,22553.631433,984.50184907
15NOV2016,15NOV2016,19788.457642,1411.318424,17022.32436,22554.590923,984.54235846
16NOV2016,16NOV2016,19789.403327,1411.318424,17023.270046,22555.536609,984.59667268
17NOV2016,17NOV2016,19790.346614,1411.318424,17024.213332,22556.479895,984.65338634
18NOV2016,18NOV2016,19791.301554,1411.318424,17025.168272,22557.434835,984.69844636
19NOV2016,19NOV2016,19792.263748,1411.318424,17026.130467,22558.39703,984.73625153
20NOV2016,20NOV2016,19793.218371,1411.318424,17027.085089,22559.351653,984.7816289
21NOV2016,21NOV2016,19794.163043,1411.318424,17028.029761,22560.296324,984.83695735
22NOV2016,22NOV2016,19795.110366,1411.318424,17028.977084,22561.243647,984.88963443
23NOV2016,23NOV2016,19796.067987,1411.318424,17029.934705,22562.201269,984.93201315
24NOV2016,24NOV2016,19797.027632,1411.318424,17030.89435,22563.160914,984.97236824
25NOV2016,25NOV2016,19797.978684,1411.318424,17031.845403,22564.111966,985.02131567
26NOV2016,26NOV2016,19798.924154,1411.318424,17032.790872,22565.057436,985.07584618
27NOV2016,27NOV2016,19799.875105,1411.318424,17033.741823,22566.008387,985.12489501
28NOV2016,28NOV2016,19800.833564,1411.318424,17034.700283,22566.966846,985.16643557
29NOV2016,29NOV2016,19801.790236,1411.318424,17035.656955,22567.923518,985.20976361
30NOV2016,30NOV2016,19802.73923,1411.318424,17036.605949,22568.872512,985.26076966
01DEC2016,01DEC2016,19803.686542,1411.318424,17037.55326,22569.819823,985.31345847
02DEC2016,02DEC2016,19804.640183,1411.318424,17038.506902,22570.773465,985.3598166
03DEC2016,03DEC2016,19805.598115,1411.318424,17039.464833,22571.731397,985.40188486
04DEC2016,04DEC2016,19806.552084,1411.318424,17040.418803,22572.685366,985.44791554
05DEC2016,05DEC2016,19807.500393,1411.318424,17041.367111,22573.633675,985.49960723
06DEC2016,06DEC2016,19808.449892,1411.318424,17042.31661,22574.583174,985.55010808
07DEC2016,07DEC2016,19809.405112,1411.318424,17043.27183,22575.538394,985.59488791
08DEC2016,08DEC2016,19810.361716,1411.318424,17044.228434,22576.494998,985.63828418
09DEC2016,09DEC2016,19811.313659,1411.318424,17045.180377,22577.44694,985.68634139
10DEC2016,10DEC2016,19812.26231,1411.318424,17046.129028,22578.395592,985.73768995
11DEC2016,11DEC2016,19813.213821,1411.318424,17047.080539,22579.347103,985.78617882
12DEC2016,12DEC2016,19814.169598,1411.318424,17048.036316,22580.302879,985.8304025
13DEC2016,13DEC2016,19815.124592,1411.318424,17048.99131,22581.257874,985.8754078
14DEC2016,14DEC2016,19816.075327,1411.318424,17049.942045,22582.208608,985.92467342
15DEC2016,15DEC2016,19817.024934,1411.318424,17050.891652,22583.158216,985.97506606
16DEC2016,16DEC2016,19817.97797,1411.318424,17051.844689,22584.111252,986.02202969
17DEC2016,17DEC2016,19818.933528,1411.318424,17052.800247,22585.06681,986.06647154
18DEC2016,18DEC2016,19819.887026,1411.318424,17053.753744,22586.020308,986.11297377
19DEC2016,19DEC2016,19820.837313,1411.318424,17054.704031,22586.970594,986.1626873
20DEC2016,20DEC2016,19821.788102,1411.318424,17055.654821,22587.921384,986.21189759
21DEC2016,21DEC2016,19822.742063,1411.318424,17056.608781,22588.875345,986.25793717
22DEC2016,22DEC2016,19823.696934,1411.318424,17057.563652,22589.830216,986.30306584
23DEC2016,23DEC2016,19824.649285,1411.318424,17058.516003,22590.782567,986.35071525
24DEC2016,24DEC2016,19825.599706,1411.318424,17059.466424,22591.732987,986.40029426
25DEC2016,25DEC2016,19826.551609,1411.318424,17060.418327,22592.68489,986.44839148
26DEC2016,26DEC2016,19827.505927,1411.318424,17061.372646,22593.639209,986.49407253
27DEC2016,27DEC2016,19828.459931,1411.318424,17062.326649,22594.593212,986.54006931
28DEC2016,28DEC2016,19829.411576,1411.318424,17063.278294,22595.544857,986.58842446
29DEC2016,29DEC2016,19830.362489,1411.318424,17064.229207,22596.495771,986.63751102
30DEC2016,30DEC2016,19831.315254,1411.318424,17065.181972,22597.448536,986.68474598
31DEC2016,31DEC2016,19832.269494,1411.318424,17066.136212,22598.402775,986.73050628
01JAN2017,01JAN2017,19833.22267,1411.318424,17067.089388,22599.355952,986.77733021
02JAN2017,02JAN2017,19834.174029,1411.318424,17068.040747,22600.307311,986.82597084
03JAN2017,03JAN2017,19835.125579,1411.318424,17068.992298,22601.258861,986.87442052
04JAN2017,04JAN2017,19836.078883,1411.318424,17069.945601,22602.212165,986.92111709
05JAN2017,05JAN2017,19837.03277,1411.318424,17070.899489,22603.166052,986.96722974
06JAN2017,06JAN2017,19837.985299,1411.318424,17071.852017,22604.11858,987.01470135
07JAN2017,07JAN2017,19838.936701,1411.318424,17072.80342,22605.069983,987.0632986
08JAN2017,08JAN2017,19839.888866,1411.318424,17073.755584,22606.022148,987.11113397
09JAN2017,09JAN2017,19840.842396,1411.318424,17074.709114,22606.975677,987.15760429
10JAN2017,10JAN2017,19841.795816,1411.318424,17075.662534,22607.929098,987.20418375
11JAN2017,11JAN2017,19842.747934,1411.318424,17076.614653,22608.881216,987.25206563
12JAN2017,12JAN2017,19843.699589,1411.318424,17077.566307,22609.83287,987.30041139
13JAN2017,13JAN2017,19844.652239,1411.318424,17078.518958,22610.785521,987.34776058
14JAN2017,14JAN2017,19845.605748,1411.318424,17079.472467,22611.73903,987.39425151
15JAN2017,15JAN2017,19846.558713,1411.318424,17080.425431,22612.691995,987.44128694
16JAN2017,16JAN2017,19847.510653,1411.318424,17081.377371,22613.643934,987.4893474
17JAN2017,17JAN2017,19848.462649,1411.318424,17082.329367,22614.59593,987.53735128
18JAN2017,18JAN2017,19849.415612,1411.318424,17083.28233,22615.548894,987.58438816
19JAN2017,19JAN2017,19850.368942,1411.318424,17084.23566,22616.502224,987.63105814
20JAN2017,20JAN2017,19851.321542,1411.318424,17085.18826,22617.454823,987.67845829
21JAN2017,21JAN2017,19852.273488,1411.318424,17086.140206,22618.40677,987.72651213
22JAN2017,22JAN2017,19853.225822,1411.318424,17087.09254,22619.359104,987.77417779
23JAN2017,23JAN2017,19854.178926,1411.318424,17088.045644,22620.312208,987.82107423
24JAN2017,24JAN2017,19855.132006,1411.318424,17088.998724,22621.265287,987.86799436
25JAN2017,25JAN2017,19856.084368,1411.318424,17089.951086,22622.21765,987.91563201
26JAN2017,26JAN2017,19857.036441,1411.318424,17090.90316,22623.169723,987.96355874
27JAN2017,27JAN2017,19857.989049,1411.318424,17091.855767,22624.122331,988.01095095
28JAN2017,28JAN2017,19858.942154,1411.318424,17092.808872,22625.075436,988.05784581
29JAN2017,29JAN2017,19859.894983,1411.318424,17093.761702,22626.028265,988.10501667
30JAN2017,30JAN2017,19860.847236,1411.318424,17094.713954,22626.980517,988.1527644
31JAN2017,31JAN2017,19861.799492,1411.318424,17095.66621,22627.932773,988.20050828
01FEB2017,01FEB2017,19862.75228,1411.318424,17096.618998,22628.885562,988.24772006
02FEB2017,02FEB2017,19863.705295,1411.318424,17097.572013,22629.838577,988.29470488
03FEB2017,03FEB2017,19864.657919,1411.318424,17098.524638,22630.791201,988.34208061
04FEB2017,04FEB2017,19865.610166,1411.318424,17099.476884,22631.743447,988.38983438
05FEB2017,05FEB2017,19866.562607,1411.318424,17100.429326,22632.695889,988.4373925
06FEB2017,06FEB2017,19867.515482,1411.318424,17101.3822,22633.648763,988.48451826
07FEB2017,07FEB2017,19868.468363,1411.318424,17102.335082,22634.601645,988.5316366
08FEB2017,08FEB2017,19869.420851,1411.318424,17103.287569,22635.554132,988.57914928
09FEB2017,09FEB2017,19870.37316,1411.318424,17104.239879,22636.506442,988.62683961
10FEB2017,10FEB2017,19871.325756,1411.318424,17105.192474,22637.459037,988.67424432
11FEB2017,11FEB2017,19872.278638,1411.318424,17106.145356,22638.41192,988.72136195
12FEB2017,12FEB2017,19873.231382,1411.318424,17107.0981,22639.364664,988.76861783
13FEB2017,13FEB2017,19874.183802,1411.318424,17108.050521,22640.317084,988.81619756
14FEB2017,14FEB2017,19875.13621,1411.318424,17109.002928,22641.269491,988.86379048
15FEB2017,15FEB2017,19876.088909,1411.318424,17109.955627,22642.22219,988.91109134
16FEB2017,16FEB2017,19877.041746,1411.318424,17110.908465,22643.175028,988.95825355
17FEB2017,17FEB2017,19877.994376,1411.318424,17111.861094,22644.127658,989.00562423
18FEB2017,18FEB2017,19878.946787,1411.318424,17112.813506,22645.080069,989.05321271
19FEB2017,19FEB2017,19879.899296,1411.318424,17113.766014,22646.032578,989.10070386
20FEB2017,20FEB2017,19880.852047,1411.318424,17114.718766,22646.985329,989.14795259
21FEB2017,21FEB2017,19881.804814,1411.318424,17115.671532,22647.938096,989.19518578
22FEB2017,22FEB2017,19882.757365,1411.318424,17116.624083,22648.890647,989.24263514
23FEB2017,23FEB2017,19883.709808,1411.318424,17117.576526,22649.843089,989.29019245
24FEB2017,24FEB2017,19884.662402,1411.318424,17118.529121,22650.795684,989.33759774
25FEB2017,25FEB2017,19885.615162,1411.318424,17119.48188,22651.748444,989.38483794
26FEB2017,26FEB2017,19886.567854,1411.318424,17120.434572,22652.701135,989.43214638
27FEB2017,27FEB2017,19887.520364,1411.318424,17121.387082,22653.653646,989.47963619
28FEB2017,28FEB2017,19888.472858,1411.318424,17122.339576,22654.60614,989.52714182
01MAR2017,01MAR2017,19889.425512,1411.318424,17123.292231,22655.558794,989.57448755
02MAR2017,02MAR2017,19890.378251,1411.318424,17124.244969,22656.511532,989.62174945
03MAR2017,03MAR2017,19891.330878,1411.318424,17125.197596,22657.46416,989.66912207
04MAR2017,04MAR2017,19892.28338,1411.318424,17126.150099,22658.416662,989.71661972
05MAR2017,05MAR2017,19893.23593,1411.318424,17127.102649,22659.369212,989.76406974
06MAR2017,06MAR2017,19894.188616,1411.318424,17128.055334,22660.321898,989.81138417
07MAR2017,07MAR2017,19895.141316,1411.318424,17129.008035,22661.274598,989.85868364
08MAR2017,08MAR2017,19896.093899,1411.318424,17129.960617,22662.22718,989.90610131
09MAR2017,09MAR2017,19897.046416,1411.318424,17130.913134,22663.179698,989.95358394
10MAR2017,10MAR2017,19897.999014,1411.318424,17131.865732,22664.132296,990.00098603
11MAR2017,11MAR2017,19898.951707,1411.318424,17132.818425,22665.084988,990.0482935
12MAR2017,12MAR2017,19899.904366,1411.318424,17133.771084,22666.037648,990.09563403
13MAR2017,13MAR2017,19900.856924,1411.318424,17134.723642,22666.990206,990.14307588
14MAR2017,14MAR2017,19901.809469,1411.318424,17135.676187,22667.942751,990.19053124
15MAR2017,15MAR2017,19902.762101,1411.318424,17136.628819,22668.895382,990.23789927
16MAR2017,16MAR2017,19903.714783,1411.318424,17137.581501,22669.848065,990.28521707
17MAR2017,17MAR2017,19904.667407,1411.318424,17138.534125,22670.800688,990.33259339
18MAR2017,18MAR2017,19905.619959,1411.318424,17139.486677,22671.75324,990.38004125
19MAR2017,19MAR2017,19906.572534,1411.318424,17140.439252,22672.705815,990.4274663
20MAR2017,20MAR2017,19907.525184,1411.318424,17141.391903,22673.658466,990.47481568
21MAR2017,21MAR2017,19908.477847,1411.318424,17142.344565,22674.611128,990.52215326
22MAR2017,22MAR2017,19909.430445,1411.318424,17143.297163,22675.563726,990.5695553
23MAR2017,23MAR2017,19910.383004,1411.318424,17144.249722,22676.516286,990.61699612
24MAR2017,24MAR2017,19911.335606,1411.318424,17145.202324,22677.468887,990.66439446
25MAR2017,25MAR2017,19912.288261,1411.318424,17146.154979,22678.421543,990.71173876
26MAR2017,26MAR2017,19913.240901,1411.318424,17147.10762,22679.374183,990.75909868
27MAR2017,27MAR2017,19914.193485,1411.318424,17148.060203,22680.326767,990.80651508
28MAR2017,28MAR2017,19915.146058,1411.318424,17149.012777,22681.27934,990.85394157
29MAR2017,29MAR2017,19916.098679,1411.318424,17149.965398,22682.231961,990.90132051
30MAR2017,30MAR2017,19917.05133,1411.318424,17150.918049,22683.184612,990.94866957
31MAR2017,31MAR2017,19918.003951,1411.318424,17151.870669,22684.137232,990.9960494
01APR2017,01APR2017,19918.95653,1411.318424,17152.823248,22685.089812,991.04347005
02APR2017,02APR2017,19919.90912,1411.318424,17153.775838,22686.042402,991.09088007
03APR2017,03APR2017,19920.861752,1411.318424,17154.72847,22686.995034,991.13824797
04APR2017,04APR2017,19921.814393,1411.318424,17155.681111,22687.947674,991.18560739
05APR2017,05APR2017,19922.766998,1411.318424,17156.633716,22688.90028,991.23300186
06APR2017,06APR2017,19923.719581,1411.318424,17157.586299,22689.852862,991.28041932
07APR2017,07APR2017,19924.672185,1411.318424,17158.538904,22690.805467,991.32781451
08APR2017,08APR2017,19925.624821,1411.318424,17159.491539,22691.758103,991.37517891
09APR2017,09APR2017,19926.57745,1411.318424,17160.444168,22692.710731,991.42255045
10APR2017,10APR2017,19927.530047,1411.318424,17161.396765,22693.663328,991.4699534
11APR2017,11APR2017,19928.482637,1411.318424,17162.349355,22694.615918,991.51736338
12APR2017,12APR2017,19929.435252,1411.318424,17163.301971,22695.568534,991.56474753
13APR2017,13APR2017,19930.387886,1411.318424,17164.254604,22696.521168,991.61211403
14APR2017,14APR2017,19931.340503,1411.318424,17165.207222,22697.473785,991.65949663
15APR2017,15APR2017,19932.293098,1411.318424,17166.159816,22698.426379,991.70690243
16APR2017,16APR2017,19933.245697,1411.318424,17167.112415,22699.378978,991.75430349
17APR2017,17APR2017,19934.198319,1411.318424,17168.065037,22700.331601,991.80168115
18APR2017,18APR2017,19935.150947,1411.318424,17169.017665,22701.284229,991.84905304
19APR2017,19APR2017,19936.103556,1411.318424,17169.970274,22702.236838,991.89644394
20APR2017,20APR2017,19937.056152,1411.318424,17170.92287,22703.189433,991.94384838
21APR2017,21APR2017,19938.008759,1411.318424,17171.875477,22704.142041,991.99124121
22APR2017,22APR2017,19938.961383,1411.318424,17172.828102,22705.094665,992.03861656
23APR2017,23APR2017,19939.914005,1411.318424,17173.780723,22706.047287,992.08599501
24APR2017,24APR2017,19940.866609,1411.318424,17174.733327,22706.999891,992.13339088
25APR2017,25APR2017,19941.819209,1411.318424,17175.685927,22707.95249,992.18079145
26APR2017,26APR2017,19942.771822,1411.318424,17176.63854,22708.905104,992.22817803
27APR2017,27APR2017,19943.724446,1411.318424,17177.591164,22709.857728,992.27555424
28APR2017,28APR2017,19944.677061,1411.318424,17178.543779,22710.810343,992.32293881
29APR2017,29APR2017,19945.629663,1411.318424,17179.496382,22711.762945,992.37033654
30APR2017,30APR2017,19946.582268,1411.318424,17180.448986,22712.715549,992.41773228
01MAY2017,01MAY2017,19947.534885,1411.318424,17181.401603,22713.668167,992.46511506
02MAY2017,02MAY2017,19948.487506,1411.318424,17182.354224,22714.620788,992.51249406
03MAY2017,03MAY2017,19949.440117,1411.318424,17183.306835,22715.573398,992.55988333
04MAY2017,04MAY2017,19950.392719,1411.318424,17184.259438,22716.526001,992.60728054
05MAY2017,05MAY2017,19951.345328,1411.318424,17185.212047,22717.47861,992.65467173
06MAY2017,06MAY2017,19952.297947,1411.318424,17186.164665,22718.431229,992.70205302
07MAY2017,07MAY2017,19953.250564,1411.318424,17187.117283,22719.383846,992.74943556
08MAY2017,08MAY2017,19954.203172,1411.318424,17188.069891,22720.336454,992.79682773
09MAY2017,09MAY2017,19955.155777,1411.318424,17189.022495,22721.289059,992.84422294
10MAY2017,10MAY2017,19956.108389,1411.318424,17189.975108,22722.241671,992.8916106
11MAY2017,11MAY2017,19957.061008,1411.318424,17190.927726,22723.19429,992.9389922
12MAY2017,12MAY2017,19958.013622,1411.318424,17191.88034,22724.146904,992.98637811
13MAY2017,13MAY2017,19958.966229,1411.318424,17192.832947,22725.09951,993.03377147
14MAY2017,14MAY2017,19959.918836,1411.318424,17193.785554,22726.052118,993.08116408
15MAY2017,15MAY2017,19960.87145,1411.318424,17194.738169,22727.004732,993.12854953
16MAY2017,16MAY2017,19961.824067,1411.318424,17195.690786,22727.957349,993.17593256
17MAY2017,17MAY2017,19962.776679,1411.318424,17196.643397,22728.909961,993.22332112
18MAY2017,18MAY2017,19963.729286,1411.318424,17197.596004,22729.862567,993.27071431
19MAY2017,19MAY2017,19964.681896,1411.318424,17198.548614,22730.815177,993.31810442
20MAY2017,20MAY2017,19965.634511,1411.318424,17199.501229,22731.767793,993.36548893
21MAY2017,21MAY2017,19966.587126,1411.318424,17200.453844,22732.720408,993.41287386
22MAY2017,22MAY2017,19967.539736,1411.318424,17201.406454,22733.673018,993.46026411
23MAY2017,23MAY2017,19968.492344,1411.318424,17202.359062,22734.625625,993.50765628
24MAY2017,24MAY2017,19969.444956,1411.318424,17203.311674,22735.578237,993.5550444
25MAY2017,25MAY2017,19970.397571,1411.318424,17204.264289,22736.530853,993.60242898
26MAY2017,26MAY2017,19971.350184,1411.318424,17205.216902,22737.483466,993.64981578
27MAY2017,27MAY2017,19972.302793,1411.318424,17206.169511,22738.436075,993.69720677
28MAY2017,28MAY2017,19973.255402,1411.318424,17207.122121,22739.388684,993.74459755
29MAY2017,29MAY2017,19974.208016,1411.318424,17208.074734,22740.341297,993.79198438
30MAY2017,30MAY2017,19975.16063,1411.318424,17209.027349,22741.293912,993.83936969
31MAY2017,31MAY2017,19976.113242,1411.318424,17209.97996,22742.246524,993.88675797
01JUN2017,01JUN2017,19977.065851,1411.318424,17210.932569,22743.199133,993.93414894
02JUN2017,02JUN2017,19978.018462,1411.318424,17211.88518,22744.151743,993.98153834
03JUN2017,03JUN2017,19978.971075,1411.318424,17212.837794,22745.104357,994.02892459
04JUN2017,04JUN2017,19979.923689,1411.318424,17213.790407,22746.056971,994.07631092
05JUN2017,05JUN2017,19980.8763,1411.318424,17214.743018,22747.009582,994.12370018
06JUN2017,06JUN2017,19981.828909,1411.318424,17215.695628,22747.962191,994.17109064
07JUN2017,07JUN2017,19982.781521,1411.318424,17216.648239,22748.914803,994.21847892
08JUN2017,08JUN2017,19983.734135,1411.318424,17217.600853,22749.867417,994.26586516
09JUN2017,09JUN2017,19984.686747,1411.318424,17218.553466,22750.820029,994.31325251
10JUN2017,10JUN2017,19985.639358,1411.318424,17219.506076,22751.77264,994.36064222
11JUN2017,11JUN2017,19986.591968,1411.318424,17220.458686,22752.72525,994.40803194
12JUN2017,12JUN2017,19987.544581,1411.318424,17221.411299,22753.677862,994.45541948
13JUN2017,13JUN2017,19988.497194,1411.318424,17222.363912,22754.630476,994.50280608
14JUN2017,14JUN2017,19989.449806,1411.318424,17223.316524,22755.583087,994.55019427
15JUN2017,15JUN2017,19990.402416,1411.318424,17224.269134,22756.535698,994.59758401
16JUN2017,16JUN2017,19991.355027,1411.318424,17225.221745,22757.488309,994.64497297
17JUN2017,17JUN2017,19992.30764,1411.318424,17226.174358,22758.440922,994.69236015
18JUN2017,18JUN2017,19993.260253,1411.318424,17227.126971,22759.393534,994.73974729
19JUN2017,19JUN2017,19994.212864,1411.318424,17228.079582,22760.346146,994.78713605
20JUN2017,20JUN2017,19995.165474,1411.318424,17229.032193,22761.298756,994.83452554
21JUN2017,21JUN2017,19996.118086,1411.318424,17229.984804,22762.251368,994.88191386
22JUN2017,22JUN2017,19997.070699,1411.318424,17230.937417,22763.203981,994.92930101
23JUN2017,23JUN2017,19998.023311,1411.318424,17231.89003,22764.156593,994.97668872
24JUN2017,24JUN2017,19998.975922,1411.318424,17232.842641,22765.109204,995.02407775
25JUN2017,25JUN2017,19999.928533,1411.318424,17233.795251,22766.061815,995.07146684
26JUN2017,26JUN2017,20000.881145,1411.318424,17234.747864,22767.014427,995.11885474
27JUN2017,27JUN2017,20001.833758,1411.318424,17235.700476,22767.96704,995.16624207
28JUN2017,28JUN2017,20002.78637,1411.318424,17236.653088,22768.919652,995.21363024
29JUN2017,29JUN2017,20003.738981,1411.318424,17237.605699,22769.872262,995.26101931
30JUN2017,30JUN2017,20004.691592,1411.318424,17238.55831,22770.824874,995.30840799
01JUL2017,01JUL2017,20005.644204,1411.318424,17239.510923,22771.777486,995.35579567
02JUL2017,02JUL2017,20006.596817,1411.318424,17240.463535,22772.730098,995.40318329
03JUL2017,03JUL2017,20007.549428,1411.318424,17241.416146,22773.68271,995.45057179
04JUL2017,04JUL2017,20008.502039,1411.318424,17242.368758,22774.635321,995.49796073
05JUL2017,05JUL2017,20009.454651,1411.318424,17243.321369,22775.587933,995.54534906
06JUL2017,06JUL2017,20010.407263,1411.318424,17244.273982,22776.540545,995.5927367
07JUL2017,07JUL2017,20011.359875,1411.318424,17245.226594,22777.493157,995.64012463
08JUL2017,08JUL2017,20012.312487,1411.318424,17246.179205,22778.445768,995.68751329
09JUL2017,09JUL2017,20013.265098,1411.318424,17247.131816,22779.39838,995.73490202
10JUL2017,10JUL2017,20014.21771,1411.318424,17248.084428,22780.350992,995.78229011
11JUL2017,11JUL2017,20015.170322,1411.318424,17249.03704,22781.303604,995.82967784
12JUL2017,12JUL2017,20016.122934,1411.318424,17249.989652,22782.256216,995.87706603
13JUL2017,13JUL2017,20017.075545,1411.318424,17250.942264,22783.208827,995.92445472
14JUL2017,14JUL2017,20018.028157,1411.318424,17251.894875,22784.161439,995.97184323
15JUL2017,15JUL2017,20018.980769,1411.318424,17252.847487,22785.114051,996.01923118
16JUL2017,16JUL2017,20019.933381,1411.318424,17253.800099,22786.066663,996.06661907
17JUL2017,17JUL2017,20020.885993,1411.318424,17254.752711,22787.019274,996.11400744
18JUL2017,18JUL2017,20021.838604,1411.318424,17255.705322,22787.971886,996.16139608
19JUL2017,19JUL2017,20022.791216,1411.318424,17256.657934,22788.924497,996.20878439
20JUL2017,20JUL2017,20023.743828,1411.318424,17257.610546,22789.877109,996.25617231
21JUL2017,21JUL2017,20024.69644,1411.318424,17258.563158,22790.829721,996.30356037
22JUL2017,22JUL2017,20025.649051,1411.318424,17259.515769,22791.782333,996.35094884
23JUL2017,23JUL2017,20026.601663,1411.318424,17260.468381,22792.734944,996.39833737
24JUL2017,24JUL2017,20027.554274,1411.318424,17261.420993,22793.687556,996.44572554
25JUL2017,25JUL2017,20028.506887,1411.318424,17262.373605,22794.640168,996.4931135
26JUL2017,26JUL2017,20029.459498,1411.318424,17263.326217,22795.59278,996.5405017
27JUL2017,27JUL2017,20030.41211,1411.318424,17264.278828,22796.545392,996.5878902
28JUL2017,28JUL2017,20031.364721,1411.318424,17265.23144,22797.498003,996.6352786
29JUL2017,29JUL2017,20032.317333,1411.318424,17266.184052,22798.450615,996.68266669
30JUL2017,30JUL2017,20033.269945,1411.318424,17267.136664,22799.403227,996.73005474
31JUL2017,31JUL2017,20034.222557,1411.318424,17268.089275,22800.355839,996.77744305
01AUG2017,01AUG2017,20035.175168,1411.318424,17269.041887,22801.30845,996.82483151
02AUG2017,02AUG2017,20036.12778,1411.318424,17269.994498,22802.261062,996.87221981
03AUG2017,03AUG2017,20037.080392,1411.318424,17270.94711,22803.213674,996.91960788
04AUG2017,04AUG2017,20038.033004,1411.318424,17271.899722,22804.166286,996.96699602
05AUG2017,05AUG2017,20038.985616,1411.318424,17272.852334,22805.118897,997.01438438
06AUG2017,06AUG2017,20039.938227,1411.318424,17273.804945,22806.071509,997.06177279
07AUG2017,07AUG2017,20040.890839,1411.318424,17274.757557,22807.024121,997.10916101
08AUG2017,08AUG2017,20041.843451,1411.318424,17275.710169,22807.976733,997.1565491
09AUG2017,09AUG2017,20042.796063,1411.318424,17276.662781,22808.929344,997.20393731
10AUG2017,10AUG2017,20043.748674,1411.318424,17277.615393,22809.881956,997.2513257
11AUG2017,11AUG2017,20044.701286,1411.318424,17278.568004,22810.834568,997.29871404
12AUG2017,12AUG2017,20045.653898,1411.318424,17279.520616,22811.78718,997.34610221
13AUG2017,13AUG2017,20046.60651,1411.318424,17280.473228,22812.739791,997.39349034
14AUG2017,14AUG2017,20047.559121,1411.318424,17281.42584,22813.692403,997.44087862
15AUG2017,15AUG2017,20048.511733,1411.318424,17282.378451,22814.645015,997.48826699
16AUG2017,16AUG2017,20049.464345,1411.318424,17283.331063,22815.597626,997.53565527
17AUG2017,17AUG2017,20050.416957,1411.318424,17284.283675,22816.550238,997.58304343
18AUG2017,18AUG2017,20051.369568,1411.318424,17285.236287,22817.50285,997.63043161
19AUG2017,19AUG2017,20052.32218,1411.318424,17286.188898,22818.455462,997.67781992
20AUG2017,20AUG2017,20053.274792,1411.318424,17287.14151,22819.408073,997.72520826
21AUG2017,21AUG2017,20054.227404,1411.318424,17288.094122,22820.360685,997.7725965
22AUG2017,22AUG2017,20055.180015,1411.318424,17289.046734,22821.313297,997.81998466
23AUG2017,23AUG2017,20056.132627,1411.318424,17289.999345,22822.265909,997.86737289
24AUG2017,24AUG2017,20057.085239,1411.318424,17290.951957,22823.218521,997.91476121
25AUG2017,25AUG2017,20058.03785,1411.318424,17291.904569,22824.171132,997.96214952
26AUG2017,26AUG2017,20058.990462,1411.318424,17292.857181,22825.123744,998.00953773
27AUG2017,27AUG2017,20059.943074,1411.318424,17293.809792,22826.076356,998.05692591
28AUG2017,28AUG2017,20060.895686,1411.318424,17294.762404,22827.028968,998.10431418
29AUG2017,29AUG2017,20061.848298,1411.318424,17295.715016,22827.981579,998.15170249
30AUG2017,30AUG2017,20062.800909,1411.318424,17296.667627,22828.934191,998.19909077
31AUG2017,31AUG2017,20063.753521,1411.318424,17297.620239,22829.886803,998.24647896
01SEP2017,01SEP2017,20064.706133,1411.318424,17298.572851,22830.839415,998.29386718
02SEP2017,02SEP2017,20065.658745,1411.318424,17299.525463,22831.792026,998.34125546
03SEP2017,03SEP2017,20066.611356,1411.318424,17300.478074,22832.744638,998.38864376
04SEP2017,04SEP2017,20067.563968,1411.318424,17301.430686,22833.69725,998.43603201
05SEP2017,05SEP2017,20068.51658,1411.318424,17302.383298,22834.649862,998.48342021
06SEP2017,06SEP2017,20069.469192,1411.318424,17303.33591,22835.602473,998.53080845
07SEP2017,07SEP2017,20070.421803,1411.318424,17304.288522,22836.555085,998.57819674
08SEP2017,08SEP2017,20071.374415,1411.318424,17305.241133,22837.507697,998.62558502
09SEP2017,09SEP2017,20072.327027,1411.318424,17306.193745,22838.460308,998.67297325
10SEP2017,10SEP2017,20073.279639,1411.318424,17307.146357,22839.41292,998.72036146
11SEP2017,11SEP2017,20074.23225,1411.318424,17308.098969,22840.365532,998.76774972
12SEP2017,12SEP2017,20075.184862,1411.318424,17309.05158,22841.318144,998.81513801
13SEP2017,13SEP2017,20076.137474,1411.318424,17310.004192,22842.270755,998.86252627
14SEP2017,14SEP2017,20077.090086,1411.318424,17310.956804,22843.223367,998.9099145
15SEP2017,15SEP2017,20078.042697,1411.318424,17311.909416,22844.175979,998.95730273
16SEP2017,16SEP2017,20078.995309,1411.318424,17312.862027,22845.128591,999.00469099
17SEP2017,17SEP2017,20079.947921,1411.318424,17313.814639,22846.081202,999.05207927
18SEP2017,18SEP2017,20080.900532,1411.318424,17314.767251,22847.033814,999.09946752
19SEP2017,19SEP2017,20081.853144,1411.318424,17315.719863,22847.986426,999.14685575
20SEP2017,20SEP2017,20082.805756,1411.318424,17316.672474,22848.939038,999.19424399
21SEP2017,21SEP2017,20083.758368,1411.318424,17317.625086,22849.891649,999.24163226
22SEP2017,22SEP2017,20084.710979,1411.318424,17318.577698,22850.844261,999.28902053
23SEP2017,23SEP2017,20085.663591,1411.318424,17319.530309,22851.796873,999.33640877
24SEP2017,24SEP2017,20086.616203,1411.318424,17320.482921,22852.749485,999.38379701
25SEP2017,25SEP2017,20087.568815,1411.318424,17321.435533,22853.702096,999.43118526
26SEP2017,26SEP2017,20088.521426,1411.318424,17322.388145,22854.654708,999.47857353
27SEP2017,27SEP2017,20089.474038,1411.318424,17323.340756,22855.60732,999.52596179
28SEP2017,28SEP2017,20090.42665,1411.318424,17324.293368,22856.559932,999.57335003
29SEP2017,29SEP2017,20091.379262,1411.318424,17325.24598,22857.512543,999.62073827
30SEP2017,30SEP2017,20092.331873,1411.318424,17326.198592,22858.465155,999.66812653
01OCT2017,01OCT2017,20093.284485,1411.318424,17327.151203,22859.417767,999.71551479
02OCT2017,02OCT2017,20094.237097,1411.318424,17328.103815,22860.370379,999.76290305
03OCT2017,03OCT2017,20095.189709,1411.318424,17329.056427,22861.32299,999.81029128
04OCT2017,04OCT2017,20096.14232,1411.318424,17330.009039,22862.275602,999.85767953
05OCT2017,05OCT2017,20097.094932,1411.318424,17330.96165,22863.228214,999.90506779
06OCT2017,06OCT2017,20098.047544,1411.318424,17331.914262,22864.180826,999.95245605
07OCT2017,07OCT2017,20099.000156,1411.318424,17332.866874,22865.133437,999.9998443
08OCT2017,08OCT2017,20099.952767,1411.318424,17333.819486,22866.086049,1000.0472325
09OCT2017,09OCT2017,20100.905379,1411.318424,17334.772097,22867.038661,1000.0946208
10OCT2017,10OCT2017,20101.857991,1411.318424,17335.724709,22867.991273,1000.1420091
11OCT2017,11OCT2017,20102.810603,1411.318424,17336.677321,22868.943884,1000.1893973
12OCT2017,12OCT2017,20103.763214,1411.318424,17337.629933,22869.896496,1000.2367856
13OCT2017,13OCT2017,20104.715826,1411.318424,17338.582544,22870.849108,1000.2841738
14OCT2017,14OCT2017,20105.668438,1411.318424,17339.535156,22871.80172,1000.3315621
15OCT2017,15OCT2017,20106.62105,1411.318424,17340.487768,22872.754331,1000.3789503
16OCT2017,16OCT2017,20107.573661,1411.318424,17341.44038,22873.706943,1000.4263386
17OCT2017,17OCT2017,20108.526273,1411.318424,17342.392991,22874.659555,1000.4737268
18OCT2017,18OCT2017,20109.478885,1411.318424,17343.345603,22875.612167,1000.5211151
19OCT2017,19OCT2017,20110.431497,1411.318424,17344.298215,22876.564778,1000.5685033
20OCT2017,20OCT2017,20111.384108,1411.318424,17345.250827,22877.51739,1000.6158916
21OCT2017,21OCT2017,20112.33672,1411.318424,17346.203438,22878.470002,1000.6632798
22OCT2017,22OCT2017,20113.289332,1411.318424,17347.15605,22879.422614,1000.7106681
23OCT2017,23OCT2017,20114.241944,1411.318424,17348.108662,22880.375225,1000.7580563
24OCT2017,24OCT2017,20115.194555,1411.318424,17349.061274,22881.327837,1000.8054446
25OCT2017,25OCT2017,20116.147167,1411.318424,17350.013885,22882.280449,1000.8528328
26OCT2017,26OCT2017,20117.099779,1411.318424,17350.966497,22883.233061,1000.9002211
27OCT2017,27OCT2017,20118.052391,1411.318424,17351.919109,22884.185672,1000.9476093
28OCT2017,28OCT2017,20119.005002,1411.318424,17352.871721,22885.138284,1000.9949976
29OCT2017,29OCT2017,20119.957614,1411.318424,17353.824332,22886.090896,1001.0423858
30OCT2017,30OCT2017,20120.910226,1411.318424,17354.776944,22887.043508,1001.0897741
31OCT2017,31OCT2017,20121.862838,1411.318424,17355.729556,22887.996119,1001.1371623
01NOV2017,01NOV2017,20122.815449,1411.318424,17356.682168,22888.948731,1001.1845506
02NOV2017,02NOV2017,20123.768061,1411.318424,17357.634779,22889.901343,1001.2319388
03NOV2017,03NOV2017,20124.720673,1411.318424,17358.587391,22890.853955,1001.2793271
04NOV2017,04NOV2017,20125.673285,1411.318424,17359.540003,22891.806566,1001.3267154
05NOV2017,05NOV2017,20126.625896,1411.318424,17360.492615,22892.759178,1001.3741036
06NOV2017,06NOV2017,20127.578508,1411.318424,17361.445226,22893.71179,1001.4214919
07NOV2017,07NOV2017,20128.53112,1411.318424,17362.397838,22894.664402,1001.4688801
08NOV2017,08NOV2017,20129.483732,1411.318424,17363.35045,22895.617013,1001.5162684
09NOV2017,09NOV2017,20130.436343,1411.318424,17364.303062,22896.569625,1001.5636566
10NOV2017,10NOV2017,20131.388955,1411.318424,17365.255673,22897.522237,1001.6110449
11NOV2017,11NOV2017,20132.341567,1411.318424,17366.208285,22898.474849,1001.6584331
12NOV2017,12NOV2017,20133.294179,1411.318424,17367.160897,22899.42746,1001.7058214
13NOV2017,13NOV2017,20134.24679,1411.318424,17368.113509,22900.380072,1001.7532096
14NOV2017,14NOV2017,20135.199402,1411.318424,17369.06612,22901.332684,1001.8005979
15NOV2017,15NOV2017,20136.152014,1411.318424,17370.018732,22902.285296,1001.8479861
16NOV2017,16NOV2017,20137.104626,1411.318424,17370.971344,22903.237907,1001.8953744
17NOV2017,17NOV2017,20138.057237,1411.318424,17371.923956,22904.190519,1001.9427626
18NOV2017,18NOV2017,20139.009849,1411.318424,17372.876567,22905.143131,1001.9901509
19NOV2017,19NOV2017,20139.962461,1411.318424,17373.829179,22906.095743,1002.0375391
20NOV2017,20NOV2017,20140.915073,1411.318424,17374.781791,22907.048354,1002.0849274
21NOV2017,21NOV2017,20141.867684,1411.318424,17375.734403,22908.000966,1002.1323156
22NOV2017,22NOV2017,20142.820296,1411.318424,17376.687014,22908.953578,1002.1797039
23NOV2017,23NOV2017,20143.772908,1411.318424,17377.639626,22909.90619,1002.2270921
24NOV2017,24NOV2017,20144.72552,1411.318424,17378.592238,22910.858801,1002.2744804
25NOV2017,25NOV2017,20145.678131,1411.318424,17379.54485,22911.811413,1002.3218686
26NOV2017,26NOV2017,20146.630743,1411.318424,17380.497461,22912.764025,1002.3692569
27NOV2017,27NOV2017,20147.583355,1411.318424,17381.450073,22913.716637,1002.4166452
28NOV2017,28NOV2017,20148.535967,1411.318424,17382.402685,22914.669248,1002.4640334
29NOV2017,29NOV2017,20149.488578,1411.318424,17383.355297,22915.62186,1002.5114217
30NOV2017,30NOV2017,20150.44119,1411.318424,17384.307908,22916.574472,1002.5588099
01DEC2017,01DEC2017,20151.393802,1411.318424,17385.26052,22917.527084,1002.6061982
02DEC2017,02DEC2017,20152.346414,1411.318424,17386.213132,22918.479695,1002.6535864
03DEC2017,03DEC2017,20153.299025,1411.318424,17387.165744,22919.432307,1002.7009747
04DEC2017,04DEC2017,20154.251637,1411.318424,17388.118355,22920.384919,1002.7483629
05DEC2017,05DEC2017,20155.204249,1411.318424,17389.070967,22921.337531,1002.7957512
06DEC2017,06DEC2017,20156.156861,1411.318424,17390.023579,22922.290142,1002.8431394
07DEC2017,07DEC2017,20157.109472,1411.318424,17390.976191,22923.242754,1002.8905277
08DEC2017,08DEC2017,20158.062084,1411.318424,17391.928802,22924.195366,1002.9379159
09DEC2017,09DEC2017,20159.014696,1411.318424,17392.881414,22925.147978,1002.9853042
10DEC2017,10DEC2017,20159.967308,1411.318424,17393.834026,22926.100589,1003.0326924
11DEC2017,11DEC2017,20160.919919,1411.318424,17394.786638,22927.053201,1003.0800807
12DEC2017,12DEC2017,20161.872531,1411.318424,17395.739249,22928.005813,1003.1274689
13DEC2017,13DEC2017,20162.825143,1411.318424,17396.691861,22928.958425,1003.1748572
14DEC2017,14DEC2017,20163.777755,1411.318424,17397.644473,22929.911036,1003.2222454
15DEC2017,15DEC2017,20164.730366,1411.318424,17398.597085,22930.863648,1003.2696337
16DEC2017,16DEC2017,20165.682978,1411.318424,17399.549696,22931.81626,1003.3170219
17DEC2017,17DEC2017,20166.63559,1411.318424,17400.502308,22932.768872,1003.3644102
18DEC2017,18DEC2017,20167.588202,1411.318424,17401.45492,22933.721483,1003.4117984
19DEC2017,19DEC2017,20168.540813,1411.318424,17402.407532,22934.674095,1003.4591867
20DEC2017,20DEC2017,20169.493425,1411.318424,17403.360143,22935.626707,1003.5065749
21DEC2017,21DEC2017,20170.446037,1411.318424,17404.312755,22936.579319,1003.5539632
22DEC2017,22DEC2017,20171.398649,1411.318424,17405.265367,22937.53193,1003.6013515
23DEC2017,23DEC2017,20172.35126,1411.318424,17406.217979,22938.484542,1003.6487397
24DEC2017,24DEC2017,20173.303872,1411.318424,17407.17059,22939.437154,1003.696128
25DEC2017,25DEC2017,20174.256484,1411.318424,17408.123202,22940.389766,1003.7435162
26DEC2017,26DEC2017,20175.209096,1411.318424,17409.075814,22941.342377,1003.7909045
27DEC2017,27DEC2017,20176.161707,1411.318424,17410.028426,22942.294989,1003.8382927
28DEC2017,28DEC2017,20177.114319,1411.318424,17410.981037,22943.247601,1003.885681
29DEC2017,29DEC2017,20178.066931,1411.318424,17411.933649,22944.200213,1003.9330692
30DEC2017,30DEC2017,20179.019543,1411.318424,17412.886261,22945.152824,1003.9804575
31DEC2017,31DEC2017,20179.972154,1411.318424,17413.838873,22946.105436,1004.0278457
01JAN2018,01JAN2018,20180.924766,1411.318424,17414.791484,22947.058048,1004.075234
02JAN2018,02JAN2018,20181.877378,1411.318424,17415.744096,22948.01066,1004.1226222
03JAN2018,03JAN2018,20182.82999,1411.318424,17416.696708,22948.963271,1004.1700105
04JAN2018,04JAN2018,20183.782601,1411.318424,17417.64932,22949.915883,1004.2173987
05JAN2018,05JAN2018,20184.735213,1411.318424,17418.601931,22950.868495,1004.264787
06JAN2018,06JAN2018,20185.687825,1411.318424,17419.554543,22951.821107,1004.3121752
07JAN2018,07JAN2018,20186.640437,1411.318424,17420.507155,22952.773718,1004.3595635
08JAN2018,08JAN2018,20187.593048,1411.318424,17421.459767,22953.72633,1004.4069517
09JAN2018,09JAN2018,20188.54566,1411.318424,17422.412378,22954.678942,1004.45434
10JAN2018,10JAN2018,20189.498272,1411.318424,17423.36499,22955.631554,1004.5017282
11JAN2018,11JAN2018,20190.450884,1411.318424,17424.317602,22956.584165,1004.5491165
12JAN2018,12JAN2018,20191.403495,1411.318424,17425.270214,22957.536777,1004.5965047
13JAN2018,13JAN2018,20192.356107,1411.318424,17426.222825,22958.489389,1004.643893
14JAN2018,14JAN2018,20193.308719,1411.318424,17427.175437,22959.442,1004.6912812
15JAN2018,15JAN2018,20194.26133,1411.318424,17428.128049,22960.394612,1004.7386695
16JAN2018,16JAN2018,20195.213942,1411.318424,17429.08066,22961.347224,1004.7860578
17JAN2018,17JAN2018,20196.166554,1411.318424,17430.033272,22962.299836,1004.833446
18JAN2018,18JAN2018,20197.119166,1411.318424,17430.985884,22963.252447,1004.8808343
19JAN2018,19JAN2018,20198.071777,1411.318424,17431.938496,22964.205059,1004.9282225
20JAN2018,20JAN2018,20199.024389,1411.318424,17432.891107,22965.157671,1004.9756108
21JAN2018,21JAN2018,20199.977001,1411.318424,17433.843719,22966.110283,1005.022999
22JAN2018,22JAN2018,20200.929613,1411.318424,17434.796331,22967.062894,1005.0703873
23JAN2018,23JAN2018,20201.882224,1411.318424,17435.748943,22968.015506,1005.1177755
24JAN2018,24JAN2018,20202.834836,1411.318424,17436.701554,22968.968118,1005.1651638
25JAN2018,25JAN2018,20203.787448,1411.318424,17437.654166,22969.92073,1005.212552
26JAN2018,26JAN2018,20204.74006,1411.318424,17438.606778,22970.873341,1005.2599403
27JAN2018,27JAN2018,20205.692671,1411.318424,17439.55939,22971.825953,1005.3073285
28JAN2018,28JAN2018,20206.645283,1411.318424,17440.512001,22972.778565,1005.3547168
29JAN2018,29JAN2018,20207.597895,1411.318424,17441.464613,22973.731177,1005.402105
30JAN2018,30JAN2018,20208.550507,1411.318424,17442.417225,22974.683788,1005.4494933
31JAN2018,31JAN2018,20209.503118,1411.318424,17443.369837,22975.6364,1005.4968815
01FEB2018,01FEB2018,20210.45573,1411.318424,17444.322448,22976.589012,1005.5442698
02FEB2018,02FEB2018,20211.408342,1411.318424,17445.27506,22977.541624,1005.591658
03FEB2018,03FEB2018,20212.360954,1411.318424,17446.227672,22978.494235,1005.6390463
04FEB2018,04FEB2018,20213.313565,1411.318424,17447.180284,22979.446847,1005.6864345
05FEB2018,05FEB2018,20214.266177,1411.318424,17448.132895,22980.399459,1005.7338228
06FEB2018,06FEB2018,20215.218789,1411.318424,17449.085507,22981.352071,1005.781211
07FEB2018,07FEB2018,20216.171401,1411.318424,17450.038119,22982.304682,1005.8285993
08FEB2018,08FEB2018,20217.124012,1411.318424,17450.990731,22983.257294,1005.8759876
09FEB2018,09FEB2018,20218.076624,1411.318424,17451.943342,22984.209906,1005.9233758
10FEB2018,10FEB2018,20219.029236,1411.318424,17452.895954,22985.162518,1005.9707641
11FEB2018,11FEB2018,20219.981848,1411.318424,17453.848566,22986.115129,1006.0181523
12FEB2018,12FEB2018,20220.934459,1411.318424,17454.801178,22987.067741,1006.0655406
13FEB2018,13FEB2018,20221.887071,1411.318424,17455.753789,22988.020353,1006.1129288
14FEB2018,14FEB2018,20222.839683,1411.318424,17456.706401,22988.972965,1006.1603171
15FEB2018,15FEB2018,20223.792295,1411.318424,17457.659013,22989.925576,1006.2077053
16FEB2018,16FEB2018,20224.744906,1411.318424,17458.611625,22990.878188,1006.2550936
17FEB2018,17FEB2018,20225.697518,1411.318424,17459.564236,22991.8308,1006.3024818
18FEB2018,18FEB2018,20226.65013,1411.318424,17460.516848,22992.783412,1006.3498701
19FEB2018,19FEB2018,20227.602742,1411.318424,17461.46946,22993.736023,1006.3972583
20FEB2018,20FEB2018,20228.555353,1411.318424,17462.422072,22994.688635,1006.4446466
21FEB2018,21FEB2018,20229.507965,1411.318424,17463.374683,22995.641247,1006.4920348
22FEB2018,22FEB2018,20230.460577,1411.318424,17464.327295,22996.593859,1006.5394231
23FEB2018,23FEB2018,20231.413189,1411.318424,17465.279907,22997.54647,1006.5868113
24FEB2018,24FEB2018,20232.3658,1411.318424,17466.232519,22998.499082,1006.6341996
25FEB2018,25FEB2018,20233.318412,1411.318424,17467.18513,22999.451694,1006.6815878
26FEB2018,26FEB2018,20234.271024,1411.318424,17468.137742,23000.404306,1006.7289761
27FEB2018,27FEB2018,20235.223636,1411.318424,17469.090354,23001.356917,1006.7763643
28FEB2018,28FEB2018,20236.176247,1411.318424,17470.042966,23002.309529,1006.8237526
01MAR2018,01MAR2018,20237.128859,1411.318424,17470.995577,23003.262141,1006.8711408
02MAR2018,02MAR2018,20238.081471,1411.318424,17471.948189,23004.214753,1006.9185291
03MAR2018,03MAR2018,20239.034083,1411.318424,17472.900801,23005.167364,1006.9659173
04MAR2018,04MAR2018,20239.986694,1411.318424,17473.853413,23006.119976,1007.0133056
05MAR2018,05MAR2018,20240.939306,1411.318424,17474.806024,23007.072588,1007.0606939
06MAR2018,06MAR2018,20241.891918,1411.318424,17475.758636,23008.0252,1007.1080821
07MAR2018,07MAR2018,20242.84453,1411.318424,17476.711248,23008.977811,1007.1554704
08MAR2018,08MAR2018,20243.797141,1411.318424,17477.66386,23009.930423,1007.2028586
09MAR2018,09MAR2018,20244.749753,1411.318424,17478.616471,23010.883035,1007.2502469
10MAR2018,10MAR2018,20245.702365,1411.318424,17479.569083,23011.835647,1007.2976351
11MAR2018,11MAR2018,20246.654977,1411.318424,17480.521695,23012.788258,1007.3450234
12MAR2018,12MAR2018,20247.607588,1411.318424,17481.474307,23013.74087,1007.3924116
13MAR2018,13MAR2018,20248.5602,1411.318424,17482.426918,23014.693482,1007.4397999
14MAR2018,14MAR2018,20249.512812,1411.318424,17483.37953,23015.646094,1007.4871881
15MAR2018,15MAR2018,20250.465424,1411.318424,17484.332142,23016.598705,1007.5345764
16MAR2018,16MAR2018,20251.418035,1411.318424,17485.284754,23017.551317,1007.5819646
17MAR2018,17MAR2018,20252.370647,1411.318424,17486.237365,23018.503929,1007.6293529
18MAR2018,18MAR2018,20253.323259,1411.318424,17487.189977,23019.456541,1007.6767411
19MAR2018,19MAR2018,20254.275871,1411.318424,17488.142589,23020.409152,1007.7241294
20MAR2018,20MAR2018,20255.228482,1411.318424,17489.095201,23021.361764,1007.7715176
21MAR2018,21MAR2018,20256.181094,1411.318424,17490.047812,23022.314376,1007.8189059
22MAR2018,22MAR2018,20257.133706,1411.318424,17491.000424,23023.266988,1007.8662941
23MAR2018,23MAR2018,20258.086318,1411.318424,17491.953036,23024.219599,1007.9136824
24MAR2018,24MAR2018,20259.038929,1411.318424,17492.905648,23025.172211,1007.9610706
25MAR2018,25MAR2018,20259.991541,1411.318424,17493.858259,23026.124823,1008.0084589
26MAR2018,26MAR2018,20260.944153,1411.318424,17494.810871,23027.077435,1008.0558471
27MAR2018,27MAR2018,20261.896765,1411.318424,17495.763483,23028.030046,1008.1032354
28MAR2018,28MAR2018,20262.849376,1411.318424,17496.716095,23028.982658,1008.1506236
29MAR2018,29MAR2018,20263.801988,1411.318424,17497.668706,23029.93527,1008.1980119
30MAR2018,30MAR2018,20264.7546,1411.318424,17498.621318,23030.887882,1008.2454002
31MAR2018,31MAR2018,20265.707212,1411.318424,17499.57393,23031.840493,1008.2927884
01APR2018,01APR2018,20266.659823,1411.318424,17500.526542,23032.793105,1008.3401767
02APR2018,02APR2018,20267.612435,1411.318424,17501.479153,23033.745717,1008.3875649
03APR2018,03APR2018,20268.565047,1411.318424,17502.431765,23034.698329,1008.4349532
04APR2018,04APR2018,20269.517659,1411.318424,17503.384377,23035.65094,1008.4823414
05APR2018,05APR2018,20270.47027,1411.318424,17504.336989,23036.603552,1008.5297297
06APR2018,06APR2018,20271.422882,1411.318424,17505.2896,23037.556164,1008.5771179
07APR2018,07APR2018,20272.375494,1411.318424,17506.242212,23038.508776,1008.6245062
08APR2018,08APR2018,20273.328106,1411.318424,17507.194824,23039.461387,1008.6718944
09APR2018,09APR2018,20274.280717,1411.318424,17508.147436,23040.413999,1008.7192827
10APR2018,10APR2018,20275.233329,1411.318424,17509.100047,23041.366611,1008.7666709
11APR2018,11APR2018,20276.185941,1411.318424,17510.052659,23042.319223,1008.8140592
12APR2018,12APR2018,20277.138553,1411.318424,17511.005271,23043.271834,1008.8614474
13APR2018,13APR2018,20278.091164,1411.318424,17511.957883,23044.224446,1008.9088357
14APR2018,14APR2018,20279.043776,1411.318424,17512.910494,23045.177058,1008.9562239
15APR2018,15APR2018,20279.996388,1411.318424,17513.863106,23046.12967,1009.0036122
16APR2018,16APR2018,20280.949,1411.318424,17514.815718,23047.082281,1009.0510004
17APR2018,17APR2018,20281.901611,1411.318424,17515.76833,23048.034893,1009.0983887
18APR2018,18APR2018,20282.854223,1411.318424,17516.720941,23048.987505,1009.1457769
19APR2018,19APR2018,20283.806835,1411.318424,17517.673553,23049.940117,1009.1931652
20APR2018,20APR2018,20284.759447,1411.318424,17518.626165,23050.892728,1009.2405534
21APR2018,21APR2018,20285.712058,1411.318424,17519.578777,23051.84534,1009.2879417
22APR2018,22APR2018,20286.66467,1411.318424,17520.531388,23052.797952,1009.33533
23APR2018,23APR2018,20287.617282,1411.318424,17521.484,23053.750564,1009.3827182
24APR2018,24APR2018,20288.569894,1411.318424,17522.436612,23054.703175,1009.4301065
25APR2018,25APR2018,20289.522505,1411.318424,17523.389224,23055.655787,1009.4774947
26APR2018,26APR2018,20290.475117,1411.318424,17524.341835,23056.608399,1009.524883
27APR2018,27APR2018,20291.427729,1411.318424,17525.294447,23057.561011,1009.5722712
28APR2018,28APR2018,20292.380341,1411.318424,17526.247059,23058.513622,1009.6196595
29APR2018,29APR2018,20293.332952,1411.318424,17527.199671,23059.466234,1009.6670477
30APR2018,30APR2018,20294.285564,1411.318424,17528.152282,23060.418846,1009.714436
01MAY2018,01MAY2018,20295.238176,1411.318424,17529.104894,23061.371458,1009.7618242
02MAY2018,02MAY2018,20296.190788,1411.318424,17530.057506,23062.324069,1009.8092125
03MAY2018,03MAY2018,20297.143399,1411.318424,17531.010118,23063.276681,1009.8566007
04MAY2018,04MAY2018,20298.096011,1411.318424,17531.962729,23064.229293,1009.903989
05MAY2018,05MAY2018,20299.048623,1411.318424,17532.915341,23065.181905,1009.9513772
06MAY2018,06MAY2018,20300.001235,1411.318424,17533.867953,23066.134516,1009.9987655
07MAY2018,07MAY2018,20300.953846,1411.318424,17534.820565,23067.087128,1010.0461537
08MAY2018,08MAY2018,20301.906458,1411.318424,17535.773176,23068.03974,1010.093542
09MAY2018,09MAY2018,20302.85907,1411.318424,17536.725788,23068.992352,1010.1409302
10MAY2018,10MAY2018,20303.811682,1411.318424,17537.6784,23069.944963,1010.1883185
11MAY2018,11MAY2018,20304.764293,1411.318424,17538.631012,23070.897575,1010.2357067
12MAY2018,12MAY2018,20305.716905,1411.318424,17539.583623,23071.850187,1010.283095
13MAY2018,13MAY2018,20306.669517,1411.318424,17540.536235,23072.802799,1010.3304832
14MAY2018,14MAY2018,20307.622129,1411.318424,17541.488847,23073.75541,1010.3778715
15MAY2018,15MAY2018,20308.57474,1411.318424,17542.441459,23074.708022,1010.4252597
16MAY2018,16MAY2018,20309.527352,1411.318424,17543.39407,23075.660634,1010.472648
17MAY2018,17MAY2018,20310.479964,1411.318424,17544.346682,23076.613245,1010.5200363
18MAY2018,18MAY2018,20311.432575,1411.318424,17545.299294,23077.565857,1010.5674245
19MAY2018,19MAY2018,20312.385187,1411.318424,17546.251905,23078.518469,1010.6148128
20MAY2018,20MAY2018,20313.337799,1411.318424,17547.204517,23079.471081,1010.662201
21MAY2018,21MAY2018,20314.290411,1411.318424,17548.157129,23080.423692,1010.7095893
22MAY2018,22MAY2018,20315.243022,1411.318424,17549.109741,23081.376304,1010.7569775
23MAY2018,23MAY2018,20316.195634,1411.318424,17550.062352,23082.328916,1010.8043658
24MAY2018,24MAY2018,20317.148246,1411.318424,17551.014964,23083.281528,1010.851754
25MAY2018,25MAY2018,20318.100858,1411.318424,17551.967576,23084.234139,1010.8991423
26MAY2018,26MAY2018,20319.053469,1411.318424,17552.920188,23085.186751,1010.9465305
27MAY2018,27MAY2018,20320.006081,1411.318424,17553.872799,23086.139363,1010.9939188
28MAY2018,28MAY2018,20320.958693,1411.318424,17554.825411,23087.091975,1011.041307
29MAY2018,29MAY2018,20321.911305,1411.318424,17555.778023,23088.044586,1011.0886953
30MAY2018,30MAY2018,20322.863916,1411.318424,17556.730635,23088.997198,1011.1360835
31MAY2018,31MAY2018,20323.816528,1411.318424,17557.683246,23089.94981,1011.1834718
01JUN2018,01JUN2018,20324.76914,1411.318424,17558.635858,23090.902422,1011.23086
02JUN2018,02JUN2018,20325.721752,1411.318424,17559.58847,23091.855033,1011.2782483
03JUN2018,03JUN2018,20326.674363,1411.318424,17560.541082,23092.807645,1011.3256365
04JUN2018,04JUN2018,20327.626975,1411.318424,17561.493693,23093.760257,1011.3730248
05JUN2018,05JUN2018,20328.579587,1411.318424,17562.446305,23094.712869,1011.420413
06JUN2018,06JUN2018,20329.532199,1411.318424,17563.398917,23095.66548,1011.4678013
07JUN2018,07JUN2018,20330.48481,1411.318424,17564.351529,23096.618092,1011.5151895
08JUN2018,08JUN2018,20331.437422,1411.318424,17565.30414,23097.570704,1011.5625778
09JUN2018,09JUN2018,20332.390034,1411.318424,17566.256752,23098.523316,1011.609966
10JUN2018,10JUN2018,20333.342646,1411.318424,17567.209364,23099.475927,1011.6573543
11JUN2018,11JUN2018,20334.295257,1411.318424,17568.161976,23100.428539,1011.7047426
12JUN2018,12JUN2018,20335.247869,1411.318424,17569.114587,23101.381151,1011.7521308
13JUN2018,13JUN2018,20336.200481,1411.318424,17570.067199,23102.333763,1011.7995191
14JUN2018,14JUN2018,20337.153093,1411.318424,17571.019811,23103.286374,1011.8469073
15JUN2018,15JUN2018,20338.105704,1411.318424,17571.972423,23104.238986,1011.8942956
16JUN2018,16JUN2018,20339.058316,1411.318424,17572.925034,23105.191598,1011.9416838
17JUN2018,17JUN2018,20340.010928,1411.318424,17573.877646,23106.14421,1011.9890721
18JUN2018,18JUN2018,20340.96354,1411.318424,17574.830258,23107.096821,1012.0364603
19JUN2018,19JUN2018,20341.916151,1411.318424,17575.78287,23108.049433,1012.0838486
20JUN2018,20JUN2018,20342.868763,1411.318424,17576.735481,23109.002045,1012.1312368
21JUN2018,21JUN2018,20343.821375,1411.318424,17577.688093,23109.954657,1012.1786251
22JUN2018,22JUN2018,20344.773987,1411.318424,17578.640705,23110.907268,1012.2260133
23JUN2018,23JUN2018,20345.726598,1411.318424,17579.593317,23111.85988,1012.2734016
24JUN2018,24JUN2018,20346.67921,1411.318424,17580.545928,23112.812492,1012.3207898
25JUN2018,25JUN2018,20347.631822,1411.318424,17581.49854,23113.765104,1012.3681781
26JUN2018,26JUN2018,20348.584434,1411.318424,17582.451152,23114.717715,1012.4155663
27JUN2018,27JUN2018,20349.537045,1411.318424,17583.403764,23115.670327,1012.4629546
28JUN2018,28JUN2018,20350.489657,1411.318424,17584.356375,23116.622939,1012.5103428
29JUN2018,29JUN2018,20351.442269,1411.318424,17585.308987,23117.575551,1012.5577311
30JUN2018,30JUN2018,20352.394881,1411.318424,17586.261599,23118.528162,1012.6051193
01JUL2018,01JUL2018,20353.347492,1411.318424,17587.214211,23119.480774,1012.6525076
02JUL2018,02JUL2018,20354.300104,1411.318424,17588.166822,23120.433386,1012.6998958
03JUL2018,03JUL2018,20355.252716,1411.318424,17589.119434,23121.385998,1012.7472841
04JUL2018,04JUL2018,20356.205328,1411.318424,17590.072046,23122.338609,1012.7946724
05JUL2018,05JUL2018,20357.157939,1411.318424,17591.024658,23123.291221,1012.8420606
06JUL2018,06JUL2018,20358.110551,1411.318424,17591.977269,23124.243833,1012.8894489
07JUL2018,07JUL2018,20359.063163,1411.318424,17592.929881,23125.196445,1012.9368371
08JUL2018,08JUL2018,20360.015775,1411.318424,17593.882493,23126.149056,1012.9842254
09JUL2018,09JUL2018,20360.968386,1411.318424,17594.835105,23127.101668,1013.0316136
10JUL2018,10JUL2018,20361.920998,1411.318424,17595.787716,23128.05428,1013.0790019
11JUL2018,11JUL2018,20362.87361,1411.318424,17596.740328,23129.006892,1013.1263901
12JUL2018,12JUL2018,20363.826222,1411.318424,17597.69294,23129.959503,1013.1737784
13JUL2018,13JUL2018,20364.778833,1411.318424,17598.645552,23130.912115,1013.2211666
14JUL2018,14JUL2018,20365.731445,1411.318424,17599.598163,23131.864727,1013.2685549
15JUL2018,15JUL2018,20366.684057,1411.318424,17600.550775,23132.817339,1013.3159431
16JUL2018,16JUL2018,20367.636669,1411.318424,17601.503387,23133.76995,1013.3633314
17JUL2018,17JUL2018,20368.58928,1411.318424,17602.455999,23134.722562,1013.4107196
18JUL2018,18JUL2018,20369.541892,1411.318424,17603.40861,23135.675174,1013.4581079
19JUL2018,19JUL2018,20370.494504,1411.318424,17604.361222,23136.627786,1013.5054961
20JUL2018,20JUL2018,20371.447116,1411.318424,17605.313834,23137.580397,1013.5528844
21JUL2018,21JUL2018,20372.399727,1411.318424,17606.266446,23138.533009,1013.6002726
22JUL2018,22JUL2018,20373.352339,1411.318424,17607.219057,23139.485621,1013.6476609
23JUL2018,23JUL2018,20374.304951,1411.318424,17608.171669,23140.438233,1013.6950491
24JUL2018,24JUL2018,20375.257563,1411.318424,17609.124281,23141.390844,1013.7424374
25JUL2018,25JUL2018,20376.210174,1411.318424,17610.076893,23142.343456,1013.7898256
26JUL2018,26JUL2018,20377.162786,1411.318424,17611.029504,23143.296068,1013.8372139
27JUL2018,27JUL2018,20378.115398,1411.318424,17611.982116,23144.24868,1013.8846021
28JUL2018,28JUL2018,20379.06801,1411.318424,17612.934728,23145.201291,1013.9319904
29JUL2018,29JUL2018,20380.020621,1411.318424,17613.88734,23146.153903,1013.9793787
30JUL2018,30JUL2018,20380.973233,1411.318424,17614.839951,23147.106515,1014.0267669
31JUL2018,31JUL2018,20381.925845,1411.318424,17615.792563,23148.059127,1014.0741552
01AUG2018,01AUG2018,20382.878457,1411.318424,17616.745175,23149.011738,1014.1215434
02AUG2018,02AUG2018,20383.831068,1411.318424,17617.697787,23149.96435,1014.1689317
03AUG2018,03AUG2018,20384.78368,1411.318424,17618.650398,23150.916962,1014.2163199
04AUG2018,04AUG2018,20385.736292,1411.318424,17619.60301,23151.869574,1014.2637082
05AUG2018,05AUG2018,20386.688904,1411.318424,17620.555622,23152.822185,1014.3110964
06AUG2018,06AUG2018,20387.641515,1411.318424,17621.508234,23153.774797,1014.3584847
07AUG2018,07AUG2018,20388.594127,1411.318424,17622.460845,23154.727409,1014.4058729
08AUG2018,08AUG2018,20389.546739,1411.318424,17623.413457,23155.680021,1014.4532612
09AUG2018,09AUG2018,20390.499351,1411.318424,17624.366069,23156.632632,1014.5006494
10AUG2018,10AUG2018,20391.451962,1411.318424,17625.318681,23157.585244,1014.5480377
11AUG2018,11AUG2018,20392.404574,1411.318424,17626.271292,23158.537856,1014.5954259
12AUG2018,12AUG2018,20393.357186,1411.318424,17627.223904,23159.490468,1014.6428142
13AUG2018,13AUG2018,20394.309798,1411.318424,17628.176516,23160.443079,1014.6902024
14AUG2018,14AUG2018,20395.262409,1411.318424,17629.129128,23161.395691,1014.7375907
15AUG2018,15AUG2018,20396.215021,1411.318424,17630.081739,23162.348303,1014.7849789
16AUG2018,16AUG2018,20397.167633,1411.318424,17631.034351,23163.300915,1014.8323672
17AUG2018,17AUG2018,20398.120245,1411.318424,17631.986963,23164.253526,1014.8797554
18AUG2018,18AUG2018,20399.072856,1411.318424,17632.939575,23165.206138,1014.9271437
19AUG2018,19AUG2018,20400.025468,1411.318424,17633.892186,23166.15875,1014.9745319
20AUG2018,20AUG2018,20400.97808,1411.318424,17634.844798,23167.111362,1015.0219202
21AUG2018,21AUG2018,20401.930692,1411.318424,17635.79741,23168.063973,1015.0693084
22AUG2018,22AUG2018,20402.883303,1411.318424,17636.750022,23169.016585,1015.1166967
23AUG2018,23AUG2018,20403.835915,1411.318424,17637.702633,23169.969197,1015.164085
24AUG2018,24AUG2018,20404.788527,1411.318424,17638.655245,23170.921809,1015.2114732
25AUG2018,25AUG2018,20405.741139,1411.318424,17639.607857,23171.87442,1015.2588615
26AUG2018,26AUG2018,20406.69375,1411.318424,17640.560469,23172.827032,1015.3062497
27AUG2018,27AUG2018,20407.646362,1411.318424,17641.51308,23173.779644,1015.353638
28AUG2018,28AUG2018,20408.598974,1411.318424,17642.465692,23174.732256,1015.4010262
29AUG2018,29AUG2018,20409.551586,1411.318424,17643.418304,23175.684867,1015.4484145
30AUG2018,30AUG2018,20410.504197,1411.318424,17644.370916,23176.637479,1015.4958027
31AUG2018,31AUG2018,20411.456809,1411.318424,17645.323527,23177.590091,1015.543191
01SEP2018,01SEP2018,20412.409421,1411.318424,17646.276139,23178.542703,1015.5905792
02SEP2018,02SEP2018,20413.362033,1411.318424,17647.228751,23179.495314,1015.6379675
03SEP2018,03SEP2018,20414.314644,1411.318424,17648.181363,23180.447926,1015.6853557
04SEP2018,04SEP2018,20415.267256,1411.318424,17649.133974,23181.400538,1015.732744
05SEP2018,05SEP2018,20416.219868,1411.318424,17650.086586,23182.35315,1015.7801322
06SEP2018,06SEP2018,20417.17248,1411.318424,17651.039198,23183.305761,1015.8275205
07SEP2018,07SEP2018,20418.125091,1411.318424,17651.99181,23184.258373,1015.8749087
08SEP2018,08SEP2018,20419.077703,1411.318424,17652.944421,23185.210985,1015.922297
09SEP2018,09SEP2018,20420.030315,1411.318424,17653.897033,23186.163597,1015.9696852
10SEP2018,10SEP2018,20420.982927,1411.318424,17654.849645,23187.116208,1016.0170735
11SEP2018,11SEP2018,20421.935538,1411.318424,17655.802257,23188.06882,1016.0644617
12SEP2018,12SEP2018,20422.88815,1411.318424,17656.754868,23189.021432,1016.11185
13SEP2018,13SEP2018,20423.840762,1411.318424,17657.70748,23189.974044,1016.1592382
14SEP2018,14SEP2018,20424.793374,1411.318424,17658.660092,23190.926655,1016.2066265
15SEP2018,15SEP2018,20425.745985,1411.318424,17659.612704,23191.879267,1016.2540148
16SEP2018,16SEP2018,20426.698597,1411.318424,17660.565315,23192.831879,1016.301403
17SEP2018,17SEP2018,20427.651209,1411.318424,17661.517927,23193.78449,1016.3487913
18SEP2018,18SEP2018,20428.60382,1411.318424,17662.470539,23194.737102,1016.3961795
19SEP2018,19SEP2018,20429.556432,1411.318424,17663.42315,23195.689714,1016.4435678
20SEP2018,20SEP2018,20430.509044,1411.318424,17664.375762,23196.642326,1016.490956
21SEP2018,21SEP2018,20431.461656,1411.318424,17665.328374,23197.594937,1016.5383443
22SEP2018,22SEP2018,20432.414267,1411.318424,17666.280986,23198.547549,1016.5857325
23SEP2018,23SEP2018,20433.366879,1411.318424,17667.233597,23199.500161,1016.6331208
24SEP2018,24SEP2018,20434.319491,1411.318424,17668.186209,23200.452773,1016.680509
25SEP2018,25SEP2018,20435.272103,1411.318424,17669.138821,23201.405384,1016.7278973
26SEP2018,26SEP2018,20436.224714,1411.318424,17670.091433,23202.357996,1016.7752855
27SEP2018,27SEP2018,20437.177326,1411.318424,17671.044044,23203.310608,1016.8226738
28SEP2018,28SEP2018,20438.129938,1411.318424,17671.996656,23204.26322,1016.870062
29SEP2018,29SEP2018,20439.08255,1411.318424,17672.949268,23205.215831,1016.9174503
30SEP2018,30SEP2018,20440.035161,1411.318424,17673.90188,23206.168443,1016.9648385
01OCT2018,01OCT2018,20440.987773,1411.318424,17674.854491,23207.121055,1017.0122268
02OCT2018,02OCT2018,20441.940385,1411.318424,17675.807103,23208.073667,1017.059615
03OCT2018,03OCT2018,20442.892997,1411.318424,17676.759715,23209.026278,1017.1070033
04OCT2018,04OCT2018,20443.845608,1411.318424,17677.712327,23209.97889,1017.1543915
05OCT2018,05OCT2018,20444.79822,1411.318424,17678.664938,23210.931502,1017.2017798
06OCT2018,06OCT2018,20445.750832,1411.318424,17679.61755,23211.884114,1017.249168
07OCT2018,07OCT2018,20446.703444,1411.318424,17680.570162,23212.836725,1017.2965563
08OCT2018,08OCT2018,20447.656055,1411.318424,17681.522774,23213.789337,1017.3439445
09OCT2018,09OCT2018,20448.608667,1411.318424,17682.475385,23214.741949,1017.3913328
10OCT2018,10OCT2018,20449.561279,1411.318424,17683.427997,23215.694561,1017.4387211
11OCT2018,11OCT2018,20450.513891,1411.318424,17684.380609,23216.647172,1017.4861093
12OCT2018,12OCT2018,20451.466502,1411.318424,17685.333221,23217.599784,1017.5334976
13OCT2018,13OCT2018,20452.419114,1411.318424,17686.285832,23218.552396,1017.5808858
14OCT2018,14OCT2018,20453.371726,1411.318424,17687.238444,23219.505008,1017.6282741
15OCT2018,15OCT2018,20454.324338,1411.318424,17688.191056,23220.457619,1017.6756623
16OCT2018,16OCT2018,20455.276949,1411.318424,17689.143668,23221.410231,1017.7230506
17OCT2018,17OCT2018,20456.229561,1411.318424,17690.096279,23222.362843,1017.7704388
18OCT2018,18OCT2018,20457.182173,1411.318424,17691.048891,23223.315455,1017.8178271
19OCT2018,19OCT2018,20458.134785,1411.318424,17692.001503,23224.268066,1017.8652153
20OCT2018,20OCT2018,20459.087396,1411.318424,17692.954115,23225.220678,1017.9126036
21OCT2018,21OCT2018,20460.040008,1411.318424,17693.906726,23226.17329,1017.9599918
22OCT2018,22OCT2018,20460.99262,1411.318424,17694.859338,23227.125902,1018.0073801
23OCT2018,23OCT2018,20461.945232,1411.318424,17695.81195,23228.078513,1018.0547683
24OCT2018,24OCT2018,20462.897843,1411.318424,17696.764562,23229.031125,1018.1021566
25OCT2018,25OCT2018,20463.850455,1411.318424,17697.717173,23229.983737,1018.1495448
26OCT2018,26OCT2018,20464.803067,1411.318424,17698.669785,23230.936349,1018.1969331
27OCT2018,27OCT2018,20465.755679,1411.318424,17699.622397,23231.88896,1018.2443213
28OCT2018,28OCT2018,20466.70829,1411.318424,17700.575009,23232.841572,1018.2917096
29OCT2018,29OCT2018,20467.660902,1411.318424,17701.52762,23233.794184,1018.3390978
30OCT2018,30OCT2018,20468.613514,1411.318424,17702.480232,23234.746796,1018.3864861
31OCT2018,31OCT2018,20469.566126,1411.318424,17703.432844,23235.699407,1018.4338743
01NOV2018,01NOV2018,20470.518737,1411.318424,17704.385456,23236.652019,1018.4812626
02NOV2018,02NOV2018,20471.471349,1411.318424,17705.338067,23237.604631,1018.5286508
03NOV2018,03NOV2018,20472.423961,1411.318424,17706.290679,23238.557243,1018.5760391
04NOV2018,04NOV2018,20473.376573,1411.318424,17707.243291,23239.509854,1018.6234274
05NOV2018,05NOV2018,20474.329184,1411.318424,17708.195903,23240.462466,1018.6708156
06NOV2018,06NOV2018,20475.281796,1411.318424,17709.148514,23241.415078,1018.7182039
07NOV2018,07NOV2018,20476.234408,1411.318424,17710.101126,23242.36769,1018.7655921
08NOV2018,08NOV2018,20477.18702,1411.318424,17711.053738,23243.320301,1018.8129804
09NOV2018,09NOV2018,20478.139631,1411.318424,17712.00635,23244.272913,1018.8603686
10NOV2018,10NOV2018,20479.092243,1411.318424,17712.958961,23245.225525,1018.9077569
11NOV2018,11NOV2018,20480.044855,1411.318424,17713.911573,23246.178137,1018.9551451
12NOV2018,12NOV2018,20480.997467,1411.318424,17714.864185,23247.130748,1019.0025334
13NOV2018,13NOV2018,20481.950078,1411.318424,17715.816797,23248.08336,1019.0499216
14NOV2018,14NOV2018,20482.90269,1411.318424,17716.769408,23249.035972,1019.0973099
15NOV2018,15NOV2018,20483.855302,1411.318424,17717.72202,23249.988584,1019.1446981
16NOV2018,16NOV2018,20484.807914,1411.318424,17718.674632,23250.941195,1019.1920864
17NOV2018,17NOV2018,20485.760525,1411.318424,17719.627244,23251.893807,1019.2394746
18NOV2018,18NOV2018,20486.713137,1411.318424,17720.579855,23252.846419,1019.2868629
19NOV2018,19NOV2018,20487.665749,1411.318424,17721.532467,23253.799031,1019.3342511
20NOV2018,20NOV2018,20488.618361,1411.318424,17722.485079,23254.751642,1019.3816394
21NOV2018,21NOV2018,20489.570972,1411.318424,17723.437691,23255.704254,1019.4290276
22NOV2018,22NOV2018,20490.523584,1411.318424,17724.390302,23256.656866,1019.4764159
23NOV2018,23NOV2018,20491.476196,1411.318424,17725.342914,23257.609478,1019.5238041
24NOV2018,24NOV2018,20492.428808,1411.318424,17726.295526,23258.562089,1019.5711924
25NOV2018,25NOV2018,20493.381419,1411.318424,17727.248138,23259.514701,1019.6185806
26NOV2018,26NOV2018,20494.334031,1411.318424,17728.200749,23260.467313,1019.6659689
27NOV2018,27NOV2018,20495.286643,1411.318424,17729.153361,23261.419925,1019.7133572
28NOV2018,28NOV2018,20496.239255,1411.318424,17730.105973,23262.372536,1019.7607454
29NOV2018,29NOV2018,20497.191866,1411.318424,17731.058585,23263.325148,1019.8081337
30NOV2018,30NOV2018,20498.144478,1411.318424,17732.011196,23264.27776,1019.8555219
01DEC2018,01DEC2018,20499.09709,1411.318424,17732.963808,23265.230372,1019.9029102
02DEC2018,02DEC2018,20500.049702,1411.318424,17733.91642,23266.182983,1019.9502984
03DEC2018,03DEC2018,20501.002313,1411.318424,17734.869032,23267.135595,1019.9976867
04DEC2018,04DEC2018,20501.954925,1411.318424,17735.821643,23268.088207,1020.0450749
05DEC2018,05DEC2018,20502.907537,1411.318424,17736.774255,23269.040819,1020.0924632
06DEC2018,06DEC2018,20503.860149,1411.318424,17737.726867,23269.99343,1020.1398514
07DEC2018,07DEC2018,20504.81276,1411.318424,17738.679479,23270.946042,1020.1872397
08DEC2018,08DEC2018,20505.765372,1411.318424,17739.63209,23271.898654,1020.2346279
09DEC2018,09DEC2018,20506.717984,1411.318424,17740.584702,23272.851266,1020.2820162
10DEC2018,10DEC2018,20507.670596,1411.318424,17741.537314,23273.803877,1020.3294044
11DEC2018,11DEC2018,20508.623207,1411.318424,17742.489926,23274.756489,1020.3767927
12DEC2018,12DEC2018,20509.575819,1411.318424,17743.442537,23275.709101,1020.4241809
13DEC2018,13DEC2018,20510.528431,1411.318424,17744.395149,23276.661713,1020.4715692
14DEC2018,14DEC2018,20511.481043,1411.318424,17745.347761,23277.614324,1020.5189574
15DEC2018,15DEC2018,20512.433654,1411.318424,17746.300373,23278.566936,1020.5663457
16DEC2018,16DEC2018,20513.386266,1411.318424,17747.252984,23279.519548,1020.6137339
17DEC2018,17DEC2018,20514.338878,1411.318424,17748.205596,23280.47216,1020.6611222
18DEC2018,18DEC2018,20515.29149,1411.318424,17749.158208,23281.424771,1020.7085104
19DEC2018,19DEC2018,20516.244101,1411.318424,17750.11082,23282.377383,1020.7558987
20DEC2018,20DEC2018,20517.196713,1411.318424,17751.063431,23283.329995,1020.8032869
21DEC2018,21DEC2018,20518.149325,1411.318424,17752.016043,23284.282607,1020.8506752
22DEC2018,22DEC2018,20519.101937,1411.318424,17752.968655,23285.235218,1020.8980635
23DEC2018,23DEC2018,20520.054548,1411.318424,17753.921267,23286.18783,1020.9454517
24DEC2018,24DEC2018,20521.00716,1411.318424,17754.873878,23287.140442,1020.99284
25DEC2018,25DEC2018,20521.959772,1411.318424,17755.82649,23288.093054,1021.0402282
26DEC2018,26DEC2018,20522.912384,1411.318424,17756.779102,23289.045665,1021.0876165
27DEC2018,27DEC2018,20523.864995,1411.318424,17757.731714,23289.998277,1021.1350047
28DEC2018,28DEC2018,20524.817607,1411.318424,17758.684325,23290.950889,1021.182393
29DEC2018,29DEC2018,20525.770219,1411.318424,17759.636937,23291.903501,1021.2297812
30DEC2018,30DEC2018,20526.722831,1411.318424,17760.589549,23292.856112,1021.2771695
31DEC2018,31DEC2018,20527.675442,1411.318424,17761.542161,23293.808724,1021.3245577
01JAN2019,01JAN2019,20528.628054,1411.318424,17762.494772,23294.761336,1021.371946
02JAN2019,02JAN2019,20529.580666,1411.318424,17763.447384,23295.713948,1021.4193342
03JAN2019,03JAN2019,20530.533278,1411.318424,17764.399996,23296.666559,1021.4667225
04JAN2019,04JAN2019,20531.485889,1411.318424,17765.352608,23297.619171,1021.5141107
05JAN2019,05JAN2019,20532.438501,1411.318424,17766.305219,23298.571783,1021.561499
06JAN2019,06JAN2019,20533.391113,1411.318424,17767.257831,23299.524395,1021.6088872
07JAN2019,07JAN2019,20534.343725,1411.318424,17768.210443,23300.477006,1021.6562755
08JAN2019,08JAN2019,20535.296336,1411.318424,17769.163055,23301.429618,1021.7036637
09JAN2019,09JAN2019,20536.248948,1411.318424,17770.115666,23302.38223,1021.751052
10JAN2019,10JAN2019,20537.20156,1411.318424,17771.068278,23303.334842,1021.7984402
11JAN2019,11JAN2019,20538.154172,1411.318424,17772.02089,23304.287453,1021.8458285
12JAN2019,12JAN2019,20539.106783,1411.318424,17772.973502,23305.240065,1021.8932167
13JAN2019,13JAN2019,20540.059395,1411.318424,17773.926113,23306.192677,1021.940605
14JAN2019,14JAN2019,20541.012007,1411.318424,17774.878725,23307.145288,1021.9879932
15JAN2019,15JAN2019,20541.964618,1411.318424,17775.831337,23308.0979,1022.0353815
16JAN2019,16JAN2019,20542.91723,1411.318424,17776.783948,23309.050512,1022.0827698
17JAN2019,17JAN2019,20543.869842,1411.318424,17777.73656,23310.003124,1022.130158
18JAN2019,18JAN2019,20544.822454,1411.318424,17778.689172,23310.955735,1022.1775463
19JAN2019,19JAN2019,20545.775065,1411.318424,17779.641784,23311.908347,1022.2249345
20JAN2019,20JAN2019,20546.727677,1411.318424,17780.594395,23312.860959,1022.2723228
21JAN2019,21JAN2019,20547.680289,1411.318424,17781.547007,23313.813571,1022.319711
22JAN2019,22JAN2019,20548.632901,1411.318424,17782.499619,23314.766182,1022.3670993
23JAN2019,23JAN2019,20549.585512,1411.318424,17783.452231,23315.718794,1022.4144875
24JAN2019,24JAN2019,20550.538124,1411.318424,17784.404842,23316.671406,1022.4618758
25JAN2019,25JAN2019,20551.490736,1411.318424,17785.357454,23317.624018,1022.509264
26JAN2019,26JAN2019,20552.443348,1411.318424,17786.310066,23318.576629,1022.5566523
27JAN2019,27JAN2019,20553.395959,1411.318424,17787.262678,23319.529241,1022.6040405
28JAN2019,28JAN2019,20554.348571,1411.318424,17788.215289,23320.481853,1022.6514288
29JAN2019,29JAN2019,20555.301183,1411.318424,17789.167901,23321.434465,1022.698817
30JAN2019,30JAN2019,20556.253795,1411.318424,17790.120513,23322.387076,1022.7462053
31JAN2019,31JAN2019,20557.206406,1411.318424,17791.073125,23323.339688,1022.7935935
01FEB2019,01FEB2019,20558.159018,1411.318424,17792.025736,23324.2923,1022.8409818
02FEB2019,02FEB2019,20559.11163,1411.318424,17792.978348,23325.244912,1022.88837
03FEB2019,03FEB2019,20560.064242,1411.318424,17793.93096,23326.197523,1022.9357583
04FEB2019,04FEB2019,20561.016853,1411.318424,17794.883572,23327.150135,1022.9831465
05FEB2019,05FEB2019,20561.969465,1411.318424,17795.836183,23328.102747,1023.0305348
06FEB2019,06FEB2019,20562.922077,1411.318424,17796.788795,23329.055359,1023.077923
07FEB2019,07FEB2019,20563.874689,1411.318424,17797.741407,23330.00797,1023.1253113
08FEB2019,08FEB2019,20564.8273,1411.318424,17798.694019,23330.960582,1023.1726996
09FEB2019,09FEB2019,20565.779912,1411.318424,17799.64663,23331.913194,1023.2200878
10FEB2019,10FEB2019,20566.732524,1411.318424,17800.599242,23332.865806,1023.2674761
11FEB2019,11FEB2019,20567.685136,1411.318424,17801.551854,23333.818417,1023.3148643
12FEB2019,12FEB2019,20568.637747,1411.318424,17802.504466,23334.771029,1023.3622526
13FEB2019,13FEB2019,20569.590359,1411.318424,17803.457077,23335.723641,1023.4096408
14FEB2019,14FEB2019,20570.542971,1411.318424,17804.409689,23336.676253,1023.4570291
15FEB2019,15FEB2019,20571.495583,1411.318424,17805.362301,23337.628864,1023.5044173
16FEB2019,16FEB2019,20572.448194,1411.318424,17806.314913,23338.581476,1023.5518056
17FEB2019,17FEB2019,20573.400806,1411.318424,17807.267524,23339.534088,1023.5991938
18FEB2019,18FEB2019,20574.353418,1411.318424,17808.220136,23340.4867,1023.6465821
19FEB2019,19FEB2019,20575.30603,1411.318424,17809.172748,23341.439311,1023.6939703
20FEB2019,20FEB2019,20576.258641,1411.318424,17810.12536,23342.391923,1023.7413586
21FEB2019,21FEB2019,20577.211253,1411.318424,17811.077971,23343.344535,1023.7887468
22FEB2019,22FEB2019,20578.163865,1411.318424,17812.030583,23344.297147,1023.8361351
23FEB2019,23FEB2019,20579.116477,1411.318424,17812.983195,23345.249758,1023.8835233
24FEB2019,24FEB2019,20580.069088,1411.318424,17813.935807,23346.20237,1023.9309116
25FEB2019,25FEB2019,20581.0217,1411.318424,17814.888418,23347.154982,1023.9782998
26FEB2019,26FEB2019,20581.974312,1411.318424,17815.84103,23348.107594,1024.0256881
27FEB2019,27FEB2019,20582.926924,1411.318424,17816.793642,23349.060205,1024.0730763
28FEB2019,28FEB2019,20583.879535,1411.318424,17817.746254,23350.012817,1024.1204646
01MAR2019,01MAR2019,20584.832147,1411.318424,17818.698865,23350.965429,1024.1678528
02MAR2019,02MAR2019,20585.784759,1411.318424,17819.651477,23351.918041,1024.2152411
03MAR2019,03MAR2019,20586.737371,1411.318424,17820.604089,23352.870652,1024.2626293
04MAR2019,04MAR2019,20587.689982,1411.318424,17821.556701,23353.823264,1024.3100176
05MAR2019,05MAR2019,20588.642594,1411.318424,17822.509312,23354.775876,1024.3574059
06MAR2019,06MAR2019,20589.595206,1411.318424,17823.461924,23355.728488,1024.4047941
07MAR2019,07MAR2019,20590.547818,1411.318424,17824.414536,23356.681099,1024.4521824
08MAR2019,08MAR2019,20591.500429,1411.318424,17825.367148,23357.633711,1024.4995706
09MAR2019,09MAR2019,20592.453041,1411.318424,17826.319759,23358.586323,1024.5469589
10MAR2019,10MAR2019,20593.405653,1411.318424,17827.272371,23359.538935,1024.5943471
11MAR2019,11MAR2019,20594.358265,1411.318424,17828.224983,23360.491546,1024.6417354
12MAR2019,12MAR2019,20595.310876,1411.318424,17829.177595,23361.444158,1024.6891236
13MAR2019,13MAR2019,20596.263488,1411.318424,17830.130206,23362.39677,1024.7365119
14MAR2019,14MAR2019,20597.2161,1411.318424,17831.082818,23363.349382,1024.7839001
15MAR2019,15MAR2019,20598.168712,1411.318424,17832.03543,23364.301993,1024.8312884
16MAR2019,16MAR2019,20599.121323,1411.318424,17832.988042,23365.254605,1024.8786766
17MAR2019,17MAR2019,20600.073935,1411.318424,17833.940653,23366.207217,1024.9260649
18MAR2019,18MAR2019,20601.026547,1411.318424,17834.893265,23367.159829,1024.9734531
19MAR2019,19MAR2019,20601.979159,1411.318424,17835.845877,23368.11244,1025.0208414
20MAR2019,20MAR2019,20602.93177,1411.318424,17836.798489,23369.065052,1025.0682296
21MAR2019,21MAR2019,20603.884382,1411.318424,17837.7511,23370.017664,1025.1156179
22MAR2019,22MAR2019,20604.836994,1411.318424,17838.703712,23370.970276,1025.1630061
23MAR2019,23MAR2019,20605.789606,1411.318424,17839.656324,23371.922887,1025.2103944
24MAR2019,24MAR2019,20606.742217,1411.318424,17840.608936,23372.875499,1025.2577826
25MAR2019,25MAR2019,20607.694829,1411.318424,17841.561547,23373.828111,1025.3051709
26MAR2019,26MAR2019,20608.647441,1411.318424,17842.514159,23374.780723,1025.3525591
27MAR2019,27MAR2019,20609.600053,1411.318424,17843.466771,23375.733334,1025.3999474
28MAR2019,28MAR2019,20610.552664,1411.318424,17844.419383,23376.685946,1025.4473356
29MAR2019,29MAR2019,20611.505276,1411.318424,17845.371994,23377.638558,1025.4947239
30MAR2019,30MAR2019,20612.457888,1411.318424,17846.324606,23378.59117,1025.5421122
31MAR2019,31MAR2019,20613.4105,1411.318424,17847.277218,23379.543781,1025.5895004
01APR2019,01APR2019,20614.363111,1411.318424,17848.22983,23380.496393,1025.6368887
02APR2019,02APR2019,20615.315723,1411.318424,17849.182441,23381.449005,1025.6842769
03APR2019,03APR2019,20616.268335,1411.318424,17850.135053,23382.401617,1025.7316652
04APR2019,04APR2019,20617.220947,1411.318424,17851.087665,23383.354228,1025.7790534
05APR2019,05APR2019,20618.173558,1411.318424,17852.040277,23384.30684,1025.8264417
06APR2019,06APR2019,20619.12617,1411.318424,17852.992888,23385.259452,1025.8738299
07APR2019,07APR2019,20620.078782,1411.318424,17853.9455,23386.212064,1025.9212182
08APR2019,08APR2019,20621.031394,1411.318424,17854.898112,23387.164675,1025.9686064
09APR2019,09APR2019,20621.984005,1411.318424,17855.850724,23388.117287,1026.0159947
10APR2019,10APR2019,20622.936617,1411.318424,17856.803335,23389.069899,1026.0633829
11APR2019,11APR2019,20623.889229,1411.318424,17857.755947,23390.022511,1026.1107712
12APR2019,12APR2019,20624.841841,1411.318424,17858.708559,23390.975122,1026.1581594
13APR2019,13APR2019,20625.794452,1411.318424,17859.661171,23391.927734,1026.2055477
14APR2019,14APR2019,20626.747064,1411.318424,17860.613782,23392.880346,1026.2529359
15APR2019,15APR2019,20627.699676,1411.318424,17861.566394,23393.832958,1026.3003242
16APR2019,16APR2019,20628.652288,1411.318424,17862.519006,23394.785569,1026.3477124
17APR2019,17APR2019,20629.604899,1411.318424,17863.471618,23395.738181,1026.3951007
18APR2019,18APR2019,20630.557511,1411.318424,17864.424229,23396.690793,1026.4424889
19APR2019,19APR2019,20631.510123,1411.318424,17865.376841,23397.643405,1026.4898772
20APR2019,20APR2019,20632.462735,1411.318424,17866.329453,23398.596016,1026.5372654
21APR2019,21APR2019,20633.415346,1411.318424,17867.282065,23399.548628,1026.5846537
22APR2019,22APR2019,20634.367958,1411.318424,17868.234676,23400.50124,1026.632042
23APR2019,23APR2019,20635.32057,1411.318424,17869.187288,23401.453852,1026.6794302
24APR2019,24APR2019,20636.273182,1411.318424,17870.1399,23402.406463,1026.7268185
25APR2019,25APR2019,20637.225793,1411.318424,17871.092512,23403.359075,1026.7742067
26APR2019,26APR2019,20638.178405,1411.318424,17872.045123,23404.311687,1026.821595
27APR2019,27APR2019,20639.131017,1411.318424,17872.997735,23405.264299,1026.8689832
28APR2019,28APR2019,20640.083629,1411.318424,17873.950347,23406.21691,1026.9163715
29APR2019,29APR2019,20641.03624,1411.318424,17874.902959,23407.169522,1026.9637597
30APR2019,30APR2019,20641.988852,1411.318424,17875.85557,23408.122134,1027.011148
01MAY2019,01MAY2019,20642.941464,1411.318424,17876.808182,23409.074746,1027.0585362
02MAY2019,02MAY2019,20643.894076,1411.318424,17877.760794,23410.027357,1027.1059245
03MAY2019,03MAY2019,20644.846687,1411.318424,17878.713406,23410.979969,1027.1533127
04MAY2019,04MAY2019,20645.799299,1411.318424,17879.666017,23411.932581,1027.200701
05MAY2019,05MAY2019,20646.751911,1411.318424,17880.618629,23412.885193,1027.2480892
06MAY2019,06MAY2019,20647.704523,1411.318424,17881.571241,23413.837804,1027.2954775
07MAY2019,07MAY2019,20648.657134,1411.318424,17882.523853,23414.790416,1027.3428657
08MAY2019,08MAY2019,20649.609746,1411.318424,17883.476464,23415.743028,1027.390254
09MAY2019,09MAY2019,20650.562358,1411.318424,17884.429076,23416.69564,1027.4376422
10MAY2019,10MAY2019,20651.51497,1411.318424,17885.381688,23417.648251,1027.4850305
11MAY2019,11MAY2019,20652.467581,1411.318424,17886.3343,23418.600863,1027.5324187
12MAY2019,12MAY2019,20653.420193,1411.318424,17887.286911,23419.553475,1027.579807
13MAY2019,13MAY2019,20654.372805,1411.318424,17888.239523,23420.506087,1027.6271952
14MAY2019,14MAY2019,20655.325417,1411.318424,17889.192135,23421.458698,1027.6745835
15MAY2019,15MAY2019,20656.278028,1411.318424,17890.144747,23422.41131,1027.7219717
16MAY2019,16MAY2019,20657.23064,1411.318424,17891.097358,23423.363922,1027.76936
17MAY2019,17MAY2019,20658.183252,1411.318424,17892.04997,23424.316533,1027.8167483
18MAY2019,18MAY2019,20659.135863,1411.318424,17893.002582,23425.269145,1027.8641365
19MAY2019,19MAY2019,20660.088475,1411.318424,17893.955193,23426.221757,1027.9115248
20MAY2019,20MAY2019,20661.041087,1411.318424,17894.907805,23427.174369,1027.958913
21MAY2019,21MAY2019,20661.993699,1411.318424,17895.860417,23428.12698,1028.0063013
22MAY2019,22MAY2019,20662.94631,1411.318424,17896.813029,23429.079592,1028.0536895
23MAY2019,23MAY2019,20663.898922,1411.318424,17897.76564,23430.032204,1028.1010778
24MAY2019,24MAY2019,20664.851534,1411.318424,17898.718252,23430.984816,1028.148466
25MAY2019,25MAY2019,20665.804146,1411.318424,17899.670864,23431.937427,1028.1958543
26MAY2019,26MAY2019,20666.756757,1411.318424,17900.623476,23432.890039,1028.2432425
27MAY2019,27MAY2019,20667.709369,1411.318424,17901.576087,23433.842651,1028.2906308
28MAY2019,28MAY2019,20668.661981,1411.318424,17902.528699,23434.795263,1028.338019
29MAY2019,29MAY2019,20669.614593,1411.318424,17903.481311,23435.747874,1028.3854073
30MAY2019,30MAY2019,20670.567204,1411.318424,17904.433923,23436.700486,1028.4327955
31MAY2019,31MAY2019,20671.519816,1411.318424,17905.386534,23437.653098,1028.4801838
01JUN2019,01JUN2019,20672.472428,1411.318424,17906.339146,23438.60571,1028.527572
02JUN2019,02JUN2019,20673.42504,1411.318424,17907.291758,23439.558321,1028.5749603
03JUN2019,03JUN2019,20674.377651,1411.318424,17908.24437,23440.510933,1028.6223485
04JUN2019,04JUN2019,20675.330263,1411.318424,17909.196981,23441.463545,1028.6697368
05JUN2019,05JUN2019,20676.282875,1411.318424,17910.149593,23442.416157,1028.717125
06JUN2019,06JUN2019,20677.235487,1411.318424,17911.102205,23443.368768,1028.7645133
07JUN2019,07JUN2019,20678.188098,1411.318424,17912.054817,23444.32138,1028.8119015
08JUN2019,08JUN2019,20679.14071,1411.318424,17913.007428,23445.273992,1028.8592898
09JUN2019,09JUN2019,20680.093322,1411.318424,17913.96004,23446.226604,1028.906678
10JUN2019,10JUN2019,20681.045934,1411.318424,17914.912652,23447.179215,1028.9540663
11JUN2019,11JUN2019,20681.998545,1411.318424,17915.865264,23448.131827,1029.0014546
12JUN2019,12JUN2019,20682.951157,1411.318424,17916.817875,23449.084439,1029.0488428
13JUN2019,13JUN2019,20683.903769,1411.318424,17917.770487,23450.037051,1029.0962311
14JUN2019,14JUN2019,20684.856381,1411.318424,17918.723099,23450.989662,1029.1436193
15JUN2019,15JUN2019,20685.808992,1411.318424,17919.675711,23451.942274,1029.1910076
16JUN2019,16JUN2019,20686.761604,1411.318424,17920.628322,23452.894886,1029.2383958
17JUN2019,17JUN2019,20687.714216,1411.318424,17921.580934,23453.847498,1029.2857841
18JUN2019,18JUN2019,20688.666828,1411.318424,17922.533546,23454.800109,1029.3331723
19JUN2019,19JUN2019,20689.619439,1411.318424,17923.486158,23455.752721,1029.3805606
20JUN2019,20JUN2019,20690.572051,1411.318424,17924.438769,23456.705333,1029.4279488
21JUN2019,21JUN2019,20691.524663,1411.318424,17925.391381,23457.657945,1029.4753371
22JUN2019,22JUN2019,20692.477275,1411.318424,17926.343993,23458.610556,1029.5227253
23JUN2019,23JUN2019,20693.429886,1411.318424,17927.296605,23459.563168,1029.5701136
24JUN2019,24JUN2019,20694.382498,1411.318424,17928.249216,23460.51578,1029.6175018
25JUN2019,25JUN2019,20695.33511,1411.318424,17929.201828,23461.468392,1029.6648901
26JUN2019,26JUN2019,20696.287722,1411.318424,17930.15444,23462.421003,1029.7122783
27JUN2019,27JUN2019,20697.240333,1411.318424,17931.107052,23463.373615,1029.7596666
28JUN2019,28JUN2019,20698.192945,1411.318424,17932.059663,23464.326227,1029.8070548
29JUN2019,29JUN2019,20699.145557,1411.318424,17933.012275,23465.278839,1029.8544431
30JUN2019,30JUN2019,20700.098169,1411.318424,17933.964887,23466.23145,1029.9018313
01JUL2019,01JUL2019,20701.05078,1411.318424,17934.917499,23467.184062,1029.9492196
02JUL2019,02JUL2019,20702.003392,1411.318424,17935.87011,23468.136674,1029.9966078
03JUL2019,03JUL2019,20702.956004,1411.318424,17936.822722,23469.089286,1030.0439961
04JUL2019,04JUL2019,20703.908616,1411.318424,17937.775334,23470.041897,1030.0913844
05JUL2019,05JUL2019,20704.861227,1411.318424,17938.727946,23470.994509,1030.1387726
06JUL2019,06JUL2019,20705.813839,1411.318424,17939.680557,23471.947121,1030.1861609
07JUL2019,07JUL2019,20706.766451,1411.318424,17940.633169,23472.899733,1030.2335491
08JUL2019,08JUL2019,20707.719063,1411.318424,17941.585781,23473.852344,1030.2809374
09JUL2019,09JUL2019,20708.671674,1411.318424,17942.538393,23474.804956,1030.3283256
10JUL2019,10JUL2019,20709.624286,1411.318424,17943.491004,23475.757568,1030.3757139
11JUL2019,11JUL2019,20710.576898,1411.318424,17944.443616,23476.71018,1030.4231021
12JUL2019,12JUL2019,20711.52951,1411.318424,17945.396228,23477.662791,1030.4704904
13JUL2019,13JUL2019,20712.482121,1411.318424,17946.34884,23478.615403,1030.5178786
14JUL2019,14JUL2019,20713.434733,1411.318424,17947.301451,23479.568015,1030.5652669
15JUL2019,15JUL2019,20714.387345,1411.318424,17948.254063,23480.520627,1030.6126551
16JUL2019,16JUL2019,20715.339957,1411.318424,17949.206675,23481.473238,1030.6600434
17JUL2019,17JUL2019,20716.292568,1411.318424,17950.159287,23482.42585,1030.7074316
18JUL2019,18JUL2019,20717.24518,1411.318424,17951.111898,23483.378462,1030.7548199
19JUL2019,19JUL2019,20718.197792,1411.318424,17952.06451,23484.331074,1030.8022081
20JUL2019,20JUL2019,20719.150404,1411.318424,17953.017122,23485.283685,1030.8495964
21JUL2019,21JUL2019,20720.103015,1411.318424,17953.969734,23486.236297,1030.8969846
22JUL2019,22JUL2019,20721.055627,1411.318424,17954.922345,23487.188909,1030.9443729
23JUL2019,23JUL2019,20722.008239,1411.318424,17955.874957,23488.141521,1030.9917611
24JUL2019,24JUL2019,20722.960851,1411.318424,17956.827569,23489.094132,1031.0391494
25JUL2019,25JUL2019,20723.913462,1411.318424,17957.780181,23490.046744,1031.0865376
26JUL2019,26JUL2019,20724.866074,1411.318424,17958.732792,23490.999356,1031.1339259
27JUL2019,27JUL2019,20725.818686,1411.318424,17959.685404,23491.951968,1031.1813141
28JUL2019,28JUL2019,20726.771298,1411.318424,17960.638016,23492.904579,1031.2287024
29JUL2019,29JUL2019,20727.723909,1411.318424,17961.590628,23493.857191,1031.2760907
30JUL2019,30JUL2019,20728.676521,1411.318424,17962.543239,23494.809803,1031.3234789
31JUL2019,31JUL2019,20729.629133,1411.318424,17963.495851,23495.762415,1031.3708672
01AUG2019,01AUG2019,20730.581745,1411.318424,17964.448463,23496.715026,1031.4182554
02AUG2019,02AUG2019,20731.534356,1411.318424,17965.401075,23497.667638,1031.4656437
03AUG2019,03AUG2019,20732.486968,1411.318424,17966.353686,23498.62025,1031.5130319
04AUG2019,04AUG2019,20733.43958,1411.318424,17967.306298,23499.572862,1031.5604202
05AUG2019,05AUG2019,20734.392192,1411.318424,17968.25891,23500.525473,1031.6078084
06AUG2019,06AUG2019,20735.344803,1411.318424,17969.211522,23501.478085,1031.6551967
07AUG2019,07AUG2019,20736.297415,1411.318424,17970.164133,23502.430697,1031.7025849
08AUG2019,08AUG2019,20737.250027,1411.318424,17971.116745,23503.383309,1031.7499732
09AUG2019,09AUG2019,20738.202639,1411.318424,17972.069357,23504.33592,1031.7973614
10AUG2019,10AUG2019,20739.15525,1411.318424,17973.021969,23505.288532,1031.8447497
11AUG2019,11AUG2019,20740.107862,1411.318424,17973.97458,23506.241144,1031.8921379
12AUG2019,12AUG2019,20741.060474,1411.318424,17974.927192,23507.193756,1031.9395262
13AUG2019,13AUG2019,20742.013086,1411.318424,17975.879804,23508.146367,1031.9869144
14AUG2019,14AUG2019,20742.965697,1411.318424,17976.832416,23509.098979,1032.0343027
15AUG2019,15AUG2019,20743.918309,1411.318424,17977.785027,23510.051591,1032.0816909
16AUG2019,16AUG2019,20744.870921,1411.318424,17978.737639,23511.004203,1032.1290792
17AUG2019,17AUG2019,20745.823533,1411.318424,17979.690251,23511.956814,1032.1764674
18AUG2019,18AUG2019,20746.776144,1411.318424,17980.642863,23512.909426,1032.2238557
19AUG2019,19AUG2019,20747.728756,1411.318424,17981.595474,23513.862038,1032.2712439
20AUG2019,20AUG2019,20748.681368,1411.318424,17982.548086,23514.81465,1032.3186322
21AUG2019,21AUG2019,20749.63398,1411.318424,17983.500698,23515.767261,1032.3660204
22AUG2019,22AUG2019,20750.586591,1411.318424,17984.45331,23516.719873,1032.4134087
23AUG2019,23AUG2019,20751.539203,1411.318424,17985.405921,23517.672485,1032.460797
24AUG2019,24AUG2019,20752.491815,1411.318424,17986.358533,23518.625097,1032.5081852
25AUG2019,25AUG2019,20753.444427,1411.318424,17987.311145,23519.577708,1032.5555735
26AUG2019,26AUG2019,20754.397038,1411.318424,17988.263757,23520.53032,1032.6029617
27AUG2019,27AUG2019,20755.34965,1411.318424,17989.216368,23521.482932,1032.65035
28AUG2019,28AUG2019,20756.302262,1411.318424,17990.16898,23522.435544,1032.6977382
29AUG2019,29AUG2019,20757.254874,1411.318424,17991.121592,23523.388155,1032.7451265
30AUG2019,30AUG2019,20758.207485,1411.318424,17992.074204,23524.340767,1032.7925147
31AUG2019,31AUG2019,20759.160097,1411.318424,17993.026815,23525.293379,1032.839903
01SEP2019,01SEP2019,20760.112709,1411.318424,17993.979427,23526.245991,1032.8872912
02SEP2019,02SEP2019,20761.065321,1411.318424,17994.932039,23527.198602,1032.9346795
03SEP2019,03SEP2019,20762.017932,1411.318424,17995.884651,23528.151214,1032.9820677
04SEP2019,04SEP2019,20762.970544,1411.318424,17996.837262,23529.103826,1033.029456
05SEP2019,05SEP2019,20763.923156,1411.318424,17997.789874,23530.056438,1033.0768442
06SEP2019,06SEP2019,20764.875768,1411.318424,17998.742486,23531.009049,1033.1242325
07SEP2019,07SEP2019,20765.828379,1411.318424,17999.695098,23531.961661,1033.1716207
08SEP2019,08SEP2019,20766.780991,1411.318424,18000.647709,23532.914273,1033.219009
09SEP2019,09SEP2019,20767.733603,1411.318424,18001.600321,23533.866885,1033.2663972
10SEP2019,10SEP2019,20768.686215,1411.318424,18002.552933,23534.819496,1033.3137855
11SEP2019,11SEP2019,20769.638826,1411.318424,18003.505545,23535.772108,1033.3611737
12SEP2019,12SEP2019,20770.591438,1411.318424,18004.458156,23536.72472,1033.408562
13SEP2019,13SEP2019,20771.54405,1411.318424,18005.410768,23537.677332,1033.4559502
14SEP2019,14SEP2019,20772.496662,1411.318424,18006.36338,23538.629943,1033.5033385
15SEP2019,15SEP2019,20773.449273,1411.318424,18007.315992,23539.582555,1033.5507268
16SEP2019,16SEP2019,20774.401885,1411.318424,18008.268603,23540.535167,1033.598115
17SEP2019,17SEP2019,20775.354497,1411.318424,18009.221215,23541.487778,1033.6455033
18SEP2019,18SEP2019,20776.307108,1411.318424,18010.173827,23542.44039,1033.6928915
19SEP2019,19SEP2019,20777.25972,1411.318424,18011.126438,23543.393002,1033.7402798
20SEP2019,20SEP2019,20778.212332,1411.318424,18012.07905,23544.345614,1033.787668
21SEP2019,21SEP2019,20779.164944,1411.318424,18013.031662,23545.298225,1033.8350563
22SEP2019,22SEP2019,20780.117555,1411.318424,18013.984274,23546.250837,1033.8824445
23SEP2019,23SEP2019,20781.070167,1411.318424,18014.936885,23547.203449,1033.9298328
24SEP2019,24SEP2019,20782.022779,1411.318424,18015.889497,23548.156061,1033.977221
25SEP2019,25SEP2019,20782.975391,1411.318424,18016.842109,23549.108672,1034.0246093
26SEP2019,26SEP2019,20783.928002,1411.318424,18017.794721,23550.061284,1034.0719975
27SEP2019,27SEP2019,20784.880614,1411.318424,18018.747332,23551.013896,1034.1193858
28SEP2019,28SEP2019,20785.833226,1411.318424,18019.699944,23551.966508,1034.166774
29SEP2019,29SEP2019,20786.785838,1411.318424,18020.652556,23552.919119,1034.2141623
30SEP2019,30SEP2019,20787.738449,1411.318424,18021.605168,23553.871731,1034.2615505
01OCT2019,01OCT2019,20788.691061,1411.318424,18022.557779,23554.824343,1034.3089388
02OCT2019,02OCT2019,20789.643673,1411.318424,18023.510391,23555.776955,1034.356327
03OCT2019,03OCT2019,20790.596285,1411.318424,18024.463003,23556.729566,1034.4037153
04OCT2019,04OCT2019,20791.548896,1411.318424,18025.415615,23557.682178,1034.4511035
05OCT2019,05OCT2019,20792.501508,1411.318424,18026.368226,23558.63479,1034.4984918
06OCT2019,06OCT2019,20793.45412,1411.318424,18027.320838,23559.587402,1034.54588
07OCT2019,07OCT2019,20794.406732,1411.318424,18028.27345,23560.540013,1034.5932683
08OCT2019,08OCT2019,20795.359343,1411.318424,18029.226062,23561.492625,1034.6406565
09OCT2019,09OCT2019,20796.311955,1411.318424,18030.178673,23562.445237,1034.6880448
10OCT2019,10OCT2019,20797.264567,1411.318424,18031.131285,23563.397849,1034.7354331
11OCT2019,11OCT2019,20798.217179,1411.318424,18032.083897,23564.35046,1034.7828213
12OCT2019,12OCT2019,20799.16979,1411.318424,18033.036509,23565.303072,1034.8302096
13OCT2019,13OCT2019,20800.122402,1411.318424,18033.98912,23566.255684,1034.8775978
14OCT2019,14OCT2019,20801.075014,1411.318424,18034.941732,23567.208296,1034.9249861
15OCT2019,15OCT2019,20802.027626,1411.318424,18035.894344,23568.160907,1034.9723743
16OCT2019,16OCT2019,20802.980237,1411.318424,18036.846956,23569.113519,1035.0197626
17OCT2019,17OCT2019,20803.932849,1411.318424,18037.799567,23570.066131,1035.0671508
18OCT2019,18OCT2019,20804.885461,1411.318424,18038.752179,23571.018743,1035.1145391
19OCT2019,19OCT2019,20805.838073,1411.318424,18039.704791,23571.971354,1035.1619273
20OCT2019,20OCT2019,20806.790684,1411.318424,18040.657403,23572.923966,1035.2093156
21OCT2019,21OCT2019,20807.743296,1411.318424,18041.610014,23573.876578,1035.2567038
22OCT2019,22OCT2019,20808.695908,1411.318424,18042.562626,23574.82919,1035.3040921
23OCT2019,23OCT2019,20809.64852,1411.318424,18043.515238,23575.781801,1035.3514803
24OCT2019,24OCT2019,20810.601131,1411.318424,18044.46785,23576.734413,1035.3988686
25OCT2019,25OCT2019,20811.553743,1411.318424,18045.420461,23577.687025,1035.4462568
26OCT2019,26OCT2019,20812.506355,1411.318424,18046.373073,23578.639637,1035.4936451
27OCT2019,27OCT2019,20813.458967,1411.318424,18047.325685,23579.592248,1035.5410333
28OCT2019,28OCT2019,20814.411578,1411.318424,18048.278297,23580.54486,1035.5884216
29OCT2019,29OCT2019,20815.36419,1411.318424,18049.230908,23581.497472,1035.6358098
30OCT2019,30OCT2019,20816.316802,1411.318424,18050.18352,23582.450084,1035.6831981
31OCT2019,31OCT2019,20817.269414,1411.318424,18051.136132,23583.402695,1035.7305863
01NOV2019,01NOV2019,20818.222025,1411.318424,18052.088744,23584.355307,1035.7779746
02NOV2019,02NOV2019,20819.174637,1411.318424,18053.041355,23585.307919,1035.8253628
03NOV2019,03NOV2019,20820.127249,1411.318424,18053.993967,23586.260531,1035.8727511
04NOV2019,04NOV2019,20821.079861,1411.318424,18054.946579,23587.213142,1035.9201394
05NOV2019,05NOV2019,20822.032472,1411.318424,18055.899191,23588.165754,1035.9675276
06NOV2019,06NOV2019,20822.985084,1411.318424,18056.851802,23589.118366,1036.0149159
07NOV2019,07NOV2019,20823.937696,1411.318424,18057.804414,23590.070978,1036.0623041
08NOV2019,08NOV2019,20824.890308,1411.318424,18058.757026,23591.023589,1036.1096924
09NOV2019,09NOV2019,20825.842919,1411.318424,18059.709638,23591.976201,1036.1570806
10NOV2019,10NOV2019,20826.795531,1411.318424,18060.662249,23592.928813,1036.2044689
11NOV2019,11NOV2019,20827.748143,1411.318424,18061.614861,23593.881425,1036.2518571
12NOV2019,12NOV2019,20828.700755,1411.318424,18062.567473,23594.834036,1036.2992454
13NOV2019,13NOV2019,20829.653366,1411.318424,18063.520085,23595.786648,1036.3466336
14NOV2019,14NOV2019,20830.605978,1411.318424,18064.472696,23596.73926,1036.3940219
15NOV2019,15NOV2019,20831.55859,1411.318424,18065.425308,23597.691872,1036.4414101
16NOV2019,16NOV2019,20832.511202,1411.318424,18066.37792,23598.644483,1036.4887984
17NOV2019,17NOV2019,20833.463813,1411.318424,18067.330532,23599.597095,1036.5361866
18NOV2019,18NOV2019,20834.416425,1411.318424,18068.283143,23600.549707,1036.5835749
19NOV2019,19NOV2019,20835.369037,1411.318424,18069.235755,23601.502319,1036.6309631
20NOV2019,20NOV2019,20836.321649,1411.318424,18070.188367,23602.45493,1036.6783514
21NOV2019,21NOV2019,20837.27426,1411.318424,18071.140979,23603.407542,1036.7257396
22NOV2019,22NOV2019,20838.226872,1411.318424,18072.09359,23604.360154,1036.7731279
23NOV2019,23NOV2019,20839.179484,1411.318424,18073.046202,23605.312766,1036.8205161
24NOV2019,24NOV2019,20840.132096,1411.318424,18073.998814,23606.265377,1036.8679044
25NOV2019,25NOV2019,20841.084707,1411.318424,18074.951426,23607.217989,1036.9152926
26NOV2019,26NOV2019,20842.037319,1411.318424,18075.904037,23608.170601,1036.9626809
27NOV2019,27NOV2019,20842.989931,1411.318424,18076.856649,23609.123213,1037.0100692
28NOV2019,28NOV2019,20843.942543,1411.318424,18077.809261,23610.075824,1037.0574574
29NOV2019,29NOV2019,20844.895154,1411.318424,18078.761873,23611.028436,1037.1048457
30NOV2019,30NOV2019,20845.847766,1411.318424,18079.714484,23611.981048,1037.1522339
01DEC2019,01DEC2019,20846.800378,1411.318424,18080.667096,23612.93366,1037.1996222
02DEC2019,02DEC2019,20847.75299,1411.318424,18081.619708,23613.886271,1037.2470104
03DEC2019,03DEC2019,20848.705601,1411.318424,18082.57232,23614.838883,1037.2943987
04DEC2019,04DEC2019,20849.658213,1411.318424,18083.524931,23615.791495,1037.3417869
05DEC2019,05DEC2019,20850.610825,1411.318424,18084.477543,23616.744107,1037.3891752
06DEC2019,06DEC2019,20851.563437,1411.318424,18085.430155,23617.696718,1037.4365634
07DEC2019,07DEC2019,20852.516048,1411.318424,18086.382767,23618.64933,1037.4839517
08DEC2019,08DEC2019,20853.46866,1411.318424,18087.335378,23619.601942,1037.5313399
09DEC2019,09DEC2019,20854.421272,1411.318424,18088.28799,23620.554554,1037.5787282
10DEC2019,10DEC2019,20855.373884,1411.318424,18089.240602,23621.507165,1037.6261164
11DEC2019,11DEC2019,20856.326495,1411.318424,18090.193214,23622.459777,1037.6735047
12DEC2019,12DEC2019,20857.279107,1411.318424,18091.145825,23623.412389,1037.7208929
13DEC2019,13DEC2019,20858.231719,1411.318424,18092.098437,23624.365001,1037.7682812
14DEC2019,14DEC2019,20859.184331,1411.318424,18093.051049,23625.317612,1037.8156694
15DEC2019,15DEC2019,20860.136942,1411.318424,18094.003661,23626.270224,1037.8630577
16DEC2019,16DEC2019,20861.089554,1411.318424,18094.956272,23627.222836,1037.9104459
17DEC2019,17DEC2019,20862.042166,1411.318424,18095.908884,23628.175448,1037.9578342
18DEC2019,18DEC2019,20862.994778,1411.318424,18096.861496,23629.128059,1038.0052224
19DEC2019,19DEC2019,20863.947389,1411.318424,18097.814108,23630.080671,1038.0526107
20DEC2019,20DEC2019,20864.900001,1411.318424,18098.766719,23631.033283,1038.0999989
21DEC2019,21DEC2019,20865.852613,1411.318424,18099.719331,23631.985895,1038.1473872
22DEC2019,22DEC2019,20866.805225,1411.318424,18100.671943,23632.938506,1038.1947755
23DEC2019,23DEC2019,20867.757836,1411.318424,18101.624555,23633.891118,1038.2421637
24DEC2019,24DEC2019,20868.710448,1411.318424,18102.577166,23634.84373,1038.289552
25DEC2019,25DEC2019,20869.66306,1411.318424,18103.529778,23635.796342,1038.3369402
26DEC2019,26DEC2019,20870.615672,1411.318424,18104.48239,23636.748953,1038.3843285
27DEC2019,27DEC2019,20871.568283,1411.318424,18105.435002,23637.701565,1038.4317167
28DEC2019,28DEC2019,20872.520895,1411.318424,18106.387613,23638.654177,1038.479105
29DEC2019,29DEC2019,20873.473507,1411.318424,18107.340225,23639.606789,1038.5264932
30DEC2019,30DEC2019,20874.426119,1411.318424,18108.292837,23640.5594,1038.5738815
31DEC2019,31DEC2019,20875.37873,1411.318424,18109.245449,23641.512012,1038.6212697
01JAN2020,01JAN2020,20876.331342,1411.318424,18110.19806,23642.464624,1038.668658
02JAN2020,02JAN2020,20877.283954,1411.318424,18111.150672,23643.417236,1038.7160462
03JAN2020,03JAN2020,20878.236566,1411.318424,18112.103284,23644.369847,1038.7634345
04JAN2020,04JAN2020,20879.189177,1411.318424,18113.055896,23645.322459,1038.8108227
05JAN2020,05JAN2020,20880.141789,1411.318424,18114.008507,23646.275071,1038.858211
06JAN2020,06JAN2020,20881.094401,1411.318424,18114.961119,23647.227683,1038.9055992
07JAN2020,07JAN2020,20882.047013,1411.318424,18115.913731,23648.180294,1038.9529875
08JAN2020,08JAN2020,20882.999624,1411.318424,18116.866343,23649.132906,1039.0003757
09JAN2020,09JAN2020,20883.952236,1411.318424,18117.818954,23650.085518,1039.047764
10JAN2020,10JAN2020,20884.904848,1411.318424,18118.771566,23651.03813,1039.0951522
11JAN2020,11JAN2020,20885.85746,1411.318424,18119.724178,23651.990741,1039.1425405
12JAN2020,12JAN2020,20886.810071,1411.318424,18120.67679,23652.943353,1039.1899287
13JAN2020,13JAN2020,20887.762683,1411.318424,18121.629401,23653.895965,1039.237317
14JAN2020,14JAN2020,20888.715295,1411.318424,18122.582013,23654.848576,1039.2847052
15JAN2020,15JAN2020,20889.667906,1411.318424,18123.534625,23655.801188,1039.3320935
16JAN2020,16JAN2020,20890.620518,1411.318424,18124.487236,23656.7538,1039.3794818
17JAN2020,17JAN2020,20891.57313,1411.318424,18125.439848,23657.706412,1039.42687
18JAN2020,18JAN2020,20892.525742,1411.318424,18126.39246,23658.659023,1039.4742583
19JAN2020,19JAN2020,20893.478353,1411.318424,18127.345072,23659.611635,1039.5216465
20JAN2020,20JAN2020,20894.430965,1411.318424,18128.297683,23660.564247,1039.5690348
21JAN2020,21JAN2020,20895.383577,1411.318424,18129.250295,23661.516859,1039.616423
22JAN2020,22JAN2020,20896.336189,1411.318424,18130.202907,23662.46947,1039.6638113
23JAN2020,23JAN2020,20897.2888,1411.318424,18131.155519,23663.422082,1039.7111995
24JAN2020,24JAN2020,20898.241412,1411.318424,18132.10813,23664.374694,1039.7585878
25JAN2020,25JAN2020,20899.194024,1411.318424,18133.060742,23665.327306,1039.805976
26JAN2020,26JAN2020,20900.146636,1411.318424,18134.013354,23666.279917,1039.8533643
27JAN2020,27JAN2020,20901.099247,1411.318424,18134.965966,23667.232529,1039.9007525
28JAN2020,28JAN2020,20902.051859,1411.318424,18135.918577,23668.185141,1039.9481408
29JAN2020,29JAN2020,20903.004471,1411.318424,18136.871189,23669.137753,1039.995529
30JAN2020,30JAN2020,20903.957083,1411.318424,18137.823801,23670.090364,1040.0429173
31JAN2020,31JAN2020,20904.909694,1411.318424,18138.776413,23671.042976,1040.0903055
01FEB2020,01FEB2020,20905.862306,1411.318424,18139.729024,23671.995588,1040.1376938
02FEB2020,02FEB2020,20906.814918,1411.318424,18140.681636,23672.9482,1040.185082
03FEB2020,03FEB2020,20907.76753,1411.318424,18141.634248,23673.900811,1040.2324703
04FEB2020,04FEB2020,20908.720141,1411.318424,18142.58686,23674.853423,1040.2798585
05FEB2020,05FEB2020,20909.672753,1411.318424,18143.539471,23675.806035,1040.3272468
06FEB2020,06FEB2020,20910.625365,1411.318424,18144.492083,23676.758647,1040.374635
07FEB2020,07FEB2020,20911.577977,1411.318424,18145.444695,23677.711258,1040.4220233
08FEB2020,08FEB2020,20912.530588,1411.318424,18146.397307,23678.66387,1040.4694116
09FEB2020,09FEB2020,20913.4832,1411.318424,18147.349918,23679.616482,1040.5167998
10FEB2020,10FEB2020,20914.435812,1411.318424,18148.30253,23680.569094,1040.5641881
11FEB2020,11FEB2020,20915.388424,1411.318424,18149.255142,23681.521705,1040.6115763
12FEB2020,12FEB2020,20916.341035,1411.318424,18150.207754,23682.474317,1040.6589646
13FEB2020,13FEB2020,20917.293647,1411.318424,18151.160365,23683.426929,1040.7063528
14FEB2020,14FEB2020,20918.246259,1411.318424,18152.112977,23684.379541,1040.7537411
15FEB2020,15FEB2020,20919.198871,1411.318424,18153.065589,23685.332152,1040.8011293
16FEB2020,16FEB2020,20920.151482,1411.318424,18154.018201,23686.284764,1040.8485176
17FEB2020,17FEB2020,20921.104094,1411.318424,18154.970812,23687.237376,1040.8959058
18FEB2020,18FEB2020,20922.056706,1411.318424,18155.923424,23688.189988,1040.9432941
19FEB2020,19FEB2020,20923.009318,1411.318424,18156.876036,23689.142599,1040.9906823
20FEB2020,20FEB2020,20923.961929,1411.318424,18157.828648,23690.095211,1041.0380706
21FEB2020,21FEB2020,20924.914541,1411.318424,18158.781259,23691.047823,1041.0854588
22FEB2020,22FEB2020,20925.867153,1411.318424,18159.733871,23692.000435,1041.1328471
23FEB2020,23FEB2020,20926.819765,1411.318424,18160.686483,23692.953046,1041.1802353
24FEB2020,24FEB2020,20927.772376,1411.318424,18161.639095,23693.905658,1041.2276236
25FEB2020,25FEB2020,20928.724988,1411.318424,18162.591706,23694.85827,1041.2750118
26FEB2020,26FEB2020,20929.6776,1411.318424,18163.544318,23695.810882,1041.3224001
27FEB2020,27FEB2020,20930.630212,1411.318424,18164.49693,23696.763493,1041.3697883
28FEB2020,28FEB2020,20931.582823,1411.318424,18165.449542,23697.716105,1041.4171766
29FEB2020,29FEB2020,20932.535435,1411.318424,18166.402153,23698.668717,1041.4645648
01MAR2020,01MAR2020,20933.488047,1411.318424,18167.354765,23699.621329,1041.5119531
02MAR2020,02MAR2020,20934.440659,1411.318424,18168.307377,23700.57394,1041.5593413
03MAR2020,03MAR2020,20935.39327,1411.318424,18169.259989,23701.526552,1041.6067296
04MAR2020,04MAR2020,20936.345882,1411.318424,18170.2126,23702.479164,1041.6541179
05MAR2020,05MAR2020,20937.298494,1411.318424,18171.165212,23703.431776,1041.7015061
06MAR2020,06MAR2020,20938.251106,1411.318424,18172.117824,23704.384387,1041.7488944
07MAR2020,07MAR2020,20939.203717,1411.318424,18173.070436,23705.336999,1041.7962826
08MAR2020,08MAR2020,20940.156329,1411.318424,18174.023047,23706.289611,1041.8436709
09MAR2020,09MAR2020,20941.108941,1411.318424,18174.975659,23707.242223,1041.8910591
10MAR2020,10MAR2020,20942.061553,1411.318424,18175.928271,23708.194834,1041.9384474
11MAR2020,11MAR2020,20943.014164,1411.318424,18176.880883,23709.147446,1041.9858356
12MAR2020,12MAR2020,20943.966776,1411.318424,18177.833494,23710.100058,1042.0332239
13MAR2020,13MAR2020,20944.919388,1411.318424,18178.786106,23711.05267,1042.0806121
14MAR2020,14MAR2020,20945.872,1411.318424,18179.738718,23712.005281,1042.1280004
15MAR2020,15MAR2020,20946.824611,1411.318424,18180.69133,23712.957893,1042.1753886
16MAR2020,16MAR2020,20947.777223,1411.318424,18181.643941,23713.910505,1042.2227769
17MAR2020,17MAR2020,20948.729835,1411.318424,18182.596553,23714.863117,1042.2701651
18MAR2020,18MAR2020,20949.682447,1411.318424,18183.549165,23715.815728,1042.3175534
19MAR2020,19MAR2020,20950.635058,1411.318424,18184.501777,23716.76834,1042.3649416
20MAR2020,20MAR2020,20951.58767,1411.318424,18185.454388,23717.720952,1042.4123299
21MAR2020,21MAR2020,20952.540282,1411.318424,18186.407,23718.673564,1042.4597181
22MAR2020,22MAR2020,20953.492894,1411.318424,18187.359612,23719.626175,1042.5071064
23MAR2020,23MAR2020,20954.445505,1411.318424,18188.312224,23720.578787,1042.5544946
24MAR2020,24MAR2020,20955.398117,1411.318424,18189.264835,23721.531399,1042.6018829
25MAR2020,25MAR2020,20956.350729,1411.318424,18190.217447,23722.484011,1042.6492711
26MAR2020,26MAR2020,20957.303341,1411.318424,18191.170059,23723.436622,1042.6966594
27MAR2020,27MAR2020,20958.255952,1411.318424,18192.122671,23724.389234,1042.7440476
28MAR2020,28MAR2020,20959.208564,1411.318424,18193.075282,23725.341846,1042.7914359
29MAR2020,29MAR2020,20960.161176,1411.318424,18194.027894,23726.294458,1042.8388242
30MAR2020,30MAR2020,20961.113788,1411.318424,18194.980506,23727.247069,1042.8862124
31MAR2020,31MAR2020,20962.066399,1411.318424,18195.933118,23728.199681,1042.9336007
01APR2020,01APR2020,20963.019011,1411.318424,18196.885729,23729.152293,1042.9809889
02APR2020,02APR2020,20963.971623,1411.318424,18197.838341,23730.104905,1043.0283772
03APR2020,03APR2020,20964.924235,1411.318424,18198.790953,23731.057516,1043.0757654
04APR2020,04APR2020,20965.876846,1411.318424,18199.743565,23732.010128,1043.1231537
05APR2020,05APR2020,20966.829458,1411.318424,18200.696176,23732.96274,1043.1705419
06APR2020,06APR2020,20967.78207,1411.318424,18201.648788,23733.915352,1043.2179302
07APR2020,07APR2020,20968.734682,1411.318424,18202.6014,23734.867963,1043.2653184
08APR2020,08APR2020,20969.687293,1411.318424,18203.554012,23735.820575,1043.3127067
09APR2020,09APR2020,20970.639905,1411.318424,18204.506623,23736.773187,1043.3600949
10APR2020,10APR2020,20971.592517,1411.318424,18205.459235,23737.725799,1043.4074832
11APR2020,11APR2020,20972.545129,1411.318424,18206.411847,23738.67841,1043.4548714
12APR2020,12APR2020,20973.49774,1411.318424,18207.364459,23739.631022,1043.5022597
13APR2020,13APR2020,20974.450352,1411.318424,18208.31707,23740.583634,1043.5496479
14APR2020,14APR2020,20975.402964,1411.318424,18209.269682,23741.536246,1043.5970362
15APR2020,15APR2020,20976.355576,1411.318424,18210.222294,23742.488857,1043.6444244
16APR2020,16APR2020,20977.308187,1411.318424,18211.174906,23743.441469,1043.6918127
17APR2020,17APR2020,20978.260799,1411.318424,18212.127517,23744.394081,1043.7392009
18APR2020,18APR2020,20979.213411,1411.318424,18213.080129,23745.346693,1043.7865892
19APR2020,19APR2020,20980.166023,1411.318424,18214.032741,23746.299304,1043.8339774
20APR2020,20APR2020,20981.118634,1411.318424,18214.985353,23747.251916,1043.8813657
21APR2020,21APR2020,20982.071246,1411.318424,18215.937964,23748.204528,1043.928754
22APR2020,22APR2020,20983.023858,1411.318424,18216.890576,23749.15714,1043.9761422
23APR2020,23APR2020,20983.97647,1411.318424,18217.843188,23750.109751,1044.0235305
24APR2020,24APR2020,20984.929081,1411.318424,18218.7958,23751.062363,1044.0709187
25APR2020,25APR2020,20985.881693,1411.318424,18219.748411,23752.014975,1044.118307
26APR2020,26APR2020,20986.834305,1411.318424,18220.701023,23752.967587,1044.1656952
27APR2020,27APR2020,20987.786917,1411.318424,18221.653635,23753.920198,1044.2130835
28APR2020,28APR2020,20988.739528,1411.318424,18222.606247,23754.87281,1044.2604717
29APR2020,29APR2020,20989.69214,1411.318424,18223.558858,23755.825422,1044.30786
30APR2020,30APR2020,20990.644752,1411.318424,18224.51147,23756.778034,1044.3552482
01MAY2020,01MAY2020,20991.597364,1411.318424,18225.464082,23757.730645,1044.4026365
02MAY2020,02MAY2020,20992.549975,1411.318424,18226.416694,23758.683257,1044.4500247
03MAY2020,03MAY2020,20993.502587,1411.318424,18227.369305,23759.635869,1044.497413
04MAY2020,04MAY2020,20994.455199,1411.318424,18228.321917,23760.588481,1044.5448012
05MAY2020,05MAY2020,20995.407811,1411.318424,18229.274529,23761.541092,1044.5921895
06MAY2020,06MAY2020,20996.360422,1411.318424,18230.227141,23762.493704,1044.6395777
07MAY2020,07MAY2020,20997.313034,1411.318424,18231.179752,23763.446316,1044.686966
08MAY2020,08MAY2020,20998.265646,1411.318424,18232.132364,23764.398928,1044.7343542
09MAY2020,09MAY2020,20999.218258,1411.318424,18233.084976,23765.351539,1044.7817425
10MAY2020,10MAY2020,21000.170869,1411.318424,18234.037588,23766.304151,1044.8291307
11MAY2020,11MAY2020,21001.123481,1411.318424,18234.990199,23767.256763,1044.876519
12MAY2020,12MAY2020,21002.076093,1411.318424,18235.942811,23768.209375,1044.9239072
13MAY2020,13MAY2020,21003.028705,1411.318424,18236.895423,23769.161986,1044.9712955
14MAY2020,14MAY2020,21003.981316,1411.318424,18237.848035,23770.114598,1045.0186837
15MAY2020,15MAY2020,21004.933928,1411.318424,18238.800646,23771.06721,1045.066072
16MAY2020,16MAY2020,21005.88654,1411.318424,18239.753258,23772.019821,1045.1134603
17MAY2020,17MAY2020,21006.839151,1411.318424,18240.70587,23772.972433,1045.1608485
18MAY2020,18MAY2020,21007.791763,1411.318424,18241.658481,23773.925045,1045.2082368
19MAY2020,19MAY2020,21008.744375,1411.318424,18242.611093,23774.877657,1045.255625
20MAY2020,20MAY2020,21009.696987,1411.318424,18243.563705,23775.830268,1045.3030133
21MAY2020,21MAY2020,21010.649598,1411.318424,18244.516317,23776.78288,1045.3504015
22MAY2020,22MAY2020,21011.60221,1411.318424,18245.468928,23777.735492,1045.3977898
23MAY2020,23MAY2020,21012.554822,1411.318424,18246.42154,23778.688104,1045.445178
24MAY2020,24MAY2020,21013.507434,1411.318424,18247.374152,23779.640715,1045.4925663
25MAY2020,25MAY2020,21014.460045,1411.318424,18248.326764,23780.593327,1045.5399545
26MAY2020,26MAY2020,21015.412657,1411.318424,18249.279375,23781.545939,1045.5873428
27MAY2020,27MAY2020,21016.365269,1411.318424,18250.231987,23782.498551,1045.634731
28MAY2020,28MAY2020,21017.317881,1411.318424,18251.184599,23783.451162,1045.6821193
29MAY2020,29MAY2020,21018.270492,1411.318424,18252.137211,23784.403774,1045.7295075
30MAY2020,30MAY2020,21019.223104,1411.318424,18253.089822,23785.356386,1045.7768958
31MAY2020,31MAY2020,21020.175716,1411.318424,18254.042434,23786.308998,1045.824284
01JUN2020,01JUN2020,21021.128328,1411.318424,18254.995046,23787.261609,1045.8716723
02JUN2020,02JUN2020,21022.080939,1411.318424,18255.947658,23788.214221,1045.9190605
03JUN2020,03JUN2020,21023.033551,1411.318424,18256.900269,23789.166833,1045.9664488
04JUN2020,04JUN2020,21023.986163,1411.318424,18257.852881,23790.119445,1046.013837
05JUN2020,05JUN2020,21024.938775,1411.318424,18258.805493,23791.072056,1046.0612253
06JUN2020,06JUN2020,21025.891386,1411.318424,18259.758105,23792.024668,1046.1086135
07JUN2020,07JUN2020,21026.843998,1411.318424,18260.710716,23792.97728,1046.1560018
08JUN2020,08JUN2020,21027.79661,1411.318424,18261.663328,23793.929892,1046.20339
09JUN2020,09JUN2020,21028.749222,1411.318424,18262.61594,23794.882503,1046.2507783
10JUN2020,10JUN2020,21029.701833,1411.318424,18263.568552,23795.835115,1046.2981666
11JUN2020,11JUN2020,21030.654445,1411.318424,18264.521163,23796.787727,1046.3455548
12JUN2020,12JUN2020,21031.607057,1411.318424,18265.473775,23797.740339,1046.3929431
13JUN2020,13JUN2020,21032.559669,1411.318424,18266.426387,23798.69295,1046.4403313
14JUN2020,14JUN2020,21033.51228,1411.318424,18267.378999,23799.645562,1046.4877196
15JUN2020,15JUN2020,21034.464892,1411.318424,18268.33161,23800.598174,1046.5351078
16JUN2020,16JUN2020,21035.417504,1411.318424,18269.284222,23801.550786,1046.5824961
17JUN2020,17JUN2020,21036.370116,1411.318424,18270.236834,23802.503397,1046.6298843
18JUN2020,18JUN2020,21037.322727,1411.318424,18271.189446,23803.456009,1046.6772726
19JUN2020,19JUN2020,21038.275339,1411.318424,18272.142057,23804.408621,1046.7246608
20JUN2020,20JUN2020,21039.227951,1411.318424,18273.094669,23805.361233,1046.7720491
21JUN2020,21JUN2020,21040.180563,1411.318424,18274.047281,23806.313844,1046.8194373
22JUN2020,22JUN2020,21041.133174,1411.318424,18274.999893,23807.266456,1046.8668256
23JUN2020,23JUN2020,21042.085786,1411.318424,18275.952504,23808.219068,1046.9142138
24JUN2020,24JUN2020,21043.038398,1411.318424,18276.905116,23809.17168,1046.9616021
25JUN2020,25JUN2020,21043.99101,1411.318424,18277.857728,23810.124291,1047.0089903
26JUN2020,26JUN2020,21044.943621,1411.318424,18278.81034,23811.076903,1047.0563786
27JUN2020,27JUN2020,21045.896233,1411.318424,18279.762951,23812.029515,1047.1037668
28JUN2020,28JUN2020,21046.848845,1411.318424,18280.715563,23812.982127,1047.1511551
29JUN2020,29JUN2020,21047.801457,1411.318424,18281.668175,23813.934738,1047.1985433
30JUN2020,30JUN2020,21048.754068,1411.318424,18282.620787,23814.88735,1047.2459316
01JUL2020,01JUL2020,21049.70668,1411.318424,18283.573398,23815.839962,1047.2933198
02JUL2020,02JUL2020,21050.659292,1411.318424,18284.52601,23816.792574,1047.3407081
03JUL2020,03JUL2020,21051.611904,1411.318424,18285.478622,23817.745185,1047.3880964
04JUL2020,04JUL2020,21052.564515,1411.318424,18286.431234,23818.697797,1047.4354846
05JUL2020,05JUL2020,21053.517127,1411.318424,18287.383845,23819.650409,1047.4828729
06JUL2020,06JUL2020,21054.469739,1411.318424,18288.336457,23820.603021,1047.5302611
07JUL2020,07JUL2020,21055.422351,1411.318424,18289.289069,23821.555632,1047.5776494
08JUL2020,08JUL2020,21056.374962,1411.318424,18290.241681,23822.508244,1047.6250376
09JUL2020,09JUL2020,21057.327574,1411.318424,18291.194292,23823.460856,1047.6724259
10JUL2020,10JUL2020,21058.280186,1411.318424,18292.146904,23824.413468,1047.7198141
11JUL2020,11JUL2020,21059.232798,1411.318424,18293.099516,23825.366079,1047.7672024
12JUL2020,12JUL2020,21060.185409,1411.318424,18294.052128,23826.318691,1047.8145906
13JUL2020,13JUL2020,21061.138021,1411.318424,18295.004739,23827.271303,1047.8619789
14JUL2020,14JUL2020,21062.090633,1411.318424,18295.957351,23828.223915,1047.9093671
15JUL2020,15JUL2020,21063.043245,1411.318424,18296.909963,23829.176526,1047.9567554
16JUL2020,16JUL2020,21063.995856,1411.318424,18297.862575,23830.129138,1048.0041436
17JUL2020,17JUL2020,21064.948468,1411.318424,18298.815186,23831.08175,1048.0515319
18JUL2020,18JUL2020,21065.90108,1411.318424,18299.767798,23832.034362,1048.0989201
19JUL2020,19JUL2020,21066.853692,1411.318424,18300.72041,23832.986973,1048.1463084
20JUL2020,20JUL2020,21067.806303,1411.318424,18301.673022,23833.939585,1048.1936966
21JUL2020,21JUL2020,21068.758915,1411.318424,18302.625633,23834.892197,1048.2410849
22JUL2020,22JUL2020,21069.711527,1411.318424,18303.578245,23835.844809,1048.2884731
23JUL2020,23JUL2020,21070.664139,1411.318424,18304.530857,23836.79742,1048.3358614
24JUL2020,24JUL2020,21071.61675,1411.318424,18305.483469,23837.750032,1048.3832496
25JUL2020,25JUL2020,21072.569362,1411.318424,18306.43608,23838.702644,1048.4306379
26JUL2020,26JUL2020,21073.521974,1411.318424,18307.388692,23839.655256,1048.4780261
27JUL2020,27JUL2020,21074.474586,1411.318424,18308.341304,23840.607867,1048.5254144
28JUL2020,28JUL2020,21075.427197,1411.318424,18309.293916,23841.560479,1048.5728027
29JUL2020,29JUL2020,21076.379809,1411.318424,18310.246527,23842.513091,1048.6201909
30JUL2020,30JUL2020,21077.332421,1411.318424,18311.199139,23843.465703,1048.6675792
31JUL2020,31JUL2020,21078.285033,1411.318424,18312.151751,23844.418314,1048.7149674
01AUG2020,01AUG2020,21079.237644,1411.318424,18313.104363,23845.370926,1048.7623557
02AUG2020,02AUG2020,21080.190256,1411.318424,18314.056974,23846.323538,1048.8097439
03AUG2020,03AUG2020,21081.142868,1411.318424,18315.009586,23847.27615,1048.8571322
04AUG2020,04AUG2020,21082.09548,1411.318424,18315.962198,23848.228761,1048.9045204
05AUG2020,05AUG2020,21083.048091,1411.318424,18316.91481,23849.181373,1048.9519087
06AUG2020,06AUG2020,21084.000703,1411.318424,18317.867421,23850.133985,1048.9992969
07AUG2020,07AUG2020,21084.953315,1411.318424,18318.820033,23851.086597,1049.0466852
08AUG2020,08AUG2020,21085.905927,1411.318424,18319.772645,23852.039208,1049.0940734
09AUG2020,09AUG2020,21086.858538,1411.318424,18320.725257,23852.99182,1049.1414617
10AUG2020,10AUG2020,21087.81115,1411.318424,18321.677868,23853.944432,1049.1888499
11AUG2020,11AUG2020,21088.763762,1411.318424,18322.63048,23854.897044,1049.2362382
12AUG2020,12AUG2020,21089.716374,1411.318424,18323.583092,23855.849655,1049.2836264
13AUG2020,13AUG2020,21090.668985,1411.318424,18324.535704,23856.802267,1049.3310147
14AUG2020,14AUG2020,21091.621597,1411.318424,18325.488315,23857.754879,1049.3784029
15AUG2020,15AUG2020,21092.574209,1411.318424,18326.440927,23858.707491,1049.4257912
16AUG2020,16AUG2020,21093.526821,1411.318424,18327.393539,23859.660102,1049.4731794
17AUG2020,17AUG2020,21094.479432,1411.318424,18328.346151,23860.612714,1049.5205677
18AUG2020,18AUG2020,21095.432044,1411.318424,18329.298762,23861.565326,1049.5679559
19AUG2020,19AUG2020,21096.384656,1411.318424,18330.251374,23862.517938,1049.6153442
20AUG2020,20AUG2020,21097.337268,1411.318424,18331.203986,23863.470549,1049.6627324
21AUG2020,21AUG2020,21098.289879,1411.318424,18332.156598,23864.423161,1049.7101207
22AUG2020,22AUG2020,21099.242491,1411.318424,18333.109209,23865.375773,1049.757509
23AUG2020,23AUG2020,21100.195103,1411.318424,18334.061821,23866.328385,1049.8048972
24AUG2020,24AUG2020,21101.147715,1411.318424,18335.014433,23867.280996,1049.8522855
25AUG2020,25AUG2020,21102.100326,1411.318424,18335.967045,23868.233608,1049.8996737
26AUG2020,26AUG2020,21103.052938,1411.318424,18336.919656,23869.18622,1049.947062
27AUG2020,27AUG2020,21104.00555,1411.318424,18337.872268,23870.138832,1049.9944502
28AUG2020,28AUG2020,21104.958162,1411.318424,18338.82488,23871.091443,1050.0418385
29AUG2020,29AUG2020,21105.910773,1411.318424,18339.777492,23872.044055,1050.0892267
30AUG2020,30AUG2020,21106.863385,1411.318424,18340.730103,23872.996667,1050.136615
31AUG2020,31AUG2020,21107.815997,1411.318424,18341.682715,23873.949279,1050.1840032
01SEP2020,01SEP2020,21108.768609,1411.318424,18342.635327,23874.90189,1050.2313915
02SEP2020,02SEP2020,21109.72122,1411.318424,18343.587939,23875.854502,1050.2787797
03SEP2020,03SEP2020,21110.673832,1411.318424,18344.54055,23876.807114,1050.326168
04SEP2020,04SEP2020,21111.626444,1411.318424,18345.493162,23877.759726,1050.3735562
05SEP2020,05SEP2020,21112.579056,1411.318424,18346.445774,23878.712337,1050.4209445
06SEP2020,06SEP2020,21113.531667,1411.318424,18347.398386,23879.664949,1050.4683327
07SEP2020,07SEP2020,21114.484279,1411.318424,18348.350997,23880.617561,1050.515721
08SEP2020,08SEP2020,21115.436891,1411.318424,18349.303609,23881.570173,1050.5631092
09SEP2020,09SEP2020,21116.389503,1411.318424,18350.256221,23882.522784,1050.6104975
10SEP2020,10SEP2020,21117.342114,1411.318424,18351.208833,23883.475396,1050.6578857
11SEP2020,11SEP2020,21118.294726,1411.318424,18352.161444,23884.428008,1050.705274
12SEP2020,12SEP2020,21119.247338,1411.318424,18353.114056,23885.38062,1050.7526622
13SEP2020,13SEP2020,21120.19995,1411.318424,18354.066668,23886.333231,1050.8000505
14SEP2020,14SEP2020,21121.152561,1411.318424,18355.01928,23887.285843,1050.8474388
15SEP2020,15SEP2020,21122.105173,1411.318424,18355.971891,23888.238455,1050.894827
16SEP2020,16SEP2020,21123.057785,1411.318424,18356.924503,23889.191066,1050.9422153
17SEP2020,17SEP2020,21124.010396,1411.318424,18357.877115,23890.143678,1050.9896035
18SEP2020,18SEP2020,21124.963008,1411.318424,18358.829726,23891.09629,1051.0369918
19SEP2020,19SEP2020,21125.91562,1411.318424,18359.782338,23892.048902,1051.08438
20SEP2020,20SEP2020,21126.868232,1411.318424,18360.73495,23893.001513,1051.1317683
21SEP2020,21SEP2020,21127.820843,1411.318424,18361.687562,23893.954125,1051.1791565
22SEP2020,22SEP2020,21128.773455,1411.318424,18362.640173,23894.906737,1051.2265448
23SEP2020,23SEP2020,21129.726067,1411.318424,18363.592785,23895.859349,1051.273933
24SEP2020,24SEP2020,21130.678679,1411.318424,18364.545397,23896.81196,1051.3213213
25SEP2020,25SEP2020,21131.63129,1411.318424,18365.498009,23897.764572,1051.3687095
26SEP2020,26SEP2020,21132.583902,1411.318424,18366.45062,23898.717184,1051.4160978
27SEP2020,27SEP2020,21133.536514,1411.318424,18367.403232,23899.669796,1051.463486
28SEP2020,28SEP2020,21134.489126,1411.318424,18368.355844,23900.622407,1051.5108743
29SEP2020,29SEP2020,21135.441737,1411.318424,18369.308456,23901.575019,1051.5582625
30SEP2020,30SEP2020,21136.394349,1411.318424,18370.261067,23902.527631,1051.6056508
01OCT2020,01OCT2020,21137.346961,1411.318424,18371.213679,23903.480243,1051.653039
02OCT2020,02OCT2020,21138.299573,1411.318424,18372.166291,23904.432854,1051.7004273
03OCT2020,03OCT2020,21139.252184,1411.318424,18373.118903,23905.385466,1051.7478155
04OCT2020,04OCT2020,21140.204796,1411.318424,18374.071514,23906.338078,1051.7952038
05OCT2020,05OCT2020,21141.157408,1411.318424,18375.024126,23907.29069,1051.842592
06OCT2020,06OCT2020,21142.11002,1411.318424,18375.976738,23908.243301,1051.8899803
07OCT2020,07OCT2020,21143.062631,1411.318424,18376.92935,23909.195913,1051.9373685
08OCT2020,08OCT2020,21144.015243,1411.318424,18377.881961,23910.148525,1051.9847568
09OCT2020,09OCT2020,21144.967855,1411.318424,18378.834573,23911.101137,1052.0321451
10OCT2020,10OCT2020,21145.920467,1411.318424,18379.787185,23912.053748,1052.0795333
11OCT2020,11OCT2020,21146.873078,1411.318424,18380.739797,23913.00636,1052.1269216
12OCT2020,12OCT2020,21147.82569,1411.318424,18381.692408,23913.958972,1052.1743098
13OCT2020,13OCT2020,21148.778302,1411.318424,18382.64502,23914.911584,1052.2216981
14OCT2020,14OCT2020,21149.730914,1411.318424,18383.597632,23915.864195,1052.2690863
15OCT2020,15OCT2020,21150.683525,1411.318424,18384.550244,23916.816807,1052.3164746
16OCT2020,16OCT2020,21151.636137,1411.318424,18385.502855,23917.769419,1052.3638628
17OCT2020,17OCT2020,21152.588749,1411.318424,18386.455467,23918.722031,1052.4112511
18OCT2020,18OCT2020,21153.541361,1411.318424,18387.408079,23919.674642,1052.4586393
19OCT2020,19OCT2020,21154.493972,1411.318424,18388.360691,23920.627254,1052.5060276
20OCT2020,20OCT2020,21155.446584,1411.318424,18389.313302,23921.579866,1052.5534158
21OCT2020,21OCT2020,21156.399196,1411.318424,18390.265914,23922.532478,1052.6008041
22OCT2020,22OCT2020,21157.351808,1411.318424,18391.218526,23923.485089,1052.6481923
23OCT2020,23OCT2020,21158.304419,1411.318424,18392.171138,23924.437701,1052.6955806
24OCT2020,24OCT2020,21159.257031,1411.318424,18393.123749,23925.390313,1052.7429688
25OCT2020,25OCT2020,21160.209643,1411.318424,18394.076361,23926.342925,1052.7903571
26OCT2020,26OCT2020,21161.162255,1411.318424,18395.028973,23927.295536,1052.8377453
27OCT2020,27OCT2020,21162.114866,1411.318424,18395.981585,23928.248148,1052.8851336
28OCT2020,28OCT2020,21163.067478,1411.318424,18396.934196,23929.20076,1052.9325218
29OCT2020,29OCT2020,21164.02009,1411.318424,18397.886808,23930.153372,1052.9799101
30OCT2020,30OCT2020,21164.972702,1411.318424,18398.83942,23931.105983,1053.0272983
31OCT2020,31OCT2020,21165.925313,1411.318424,18399.792032,23932.058595,1053.0746866
01NOV2020,,21166.877925,1411.318424,18400.744643,23933.011207,
02NOV2020,,18647.506328,3660.5617024,11472.937228,25822.075428,
03NOV2020,,14670.092849,6467.0856242,1994.8379404,27345.347757,
04NOV2020,,9928.2170403,9067.3544927,-7843.4712,27699.905281,
05NOV2020,,5496.4365135,10839.629727,-15748.84736,26741.720384,
06NOV2020,,2273.0975702,11668.767348,-20597.26618,25143.461316,
07NOV2020,,551.95871445,11894.575247,-22760.98038,23864.89781,
